1,1554706048651,1.848,2.887,8.913,4-7-19 evening2
2,1554706048869,0.964,2.215,9.66,4-7-19 evening2
3,1554706049061,1.273,1.568,9.456,4-7-19 evening2
4,1554706049271,1.657,1.377,9.549,4-7-19 evening2
5,1554706049467,2.381,2.182,9.114,4-7-19 evening2
6,1554706049672,2.105,3.278,9.122,4-7-19 evening2
7,1554706049876,2.585,2.839,8.716,4-7-19 evening2
8,1554706050080,1.891,2.46,8.768,4-7-19 evening2
9,1554706050285,1.724,1.184,9.819,4-7-19 evening2
10,1554706050489,1.015,0.056,10.023,4-7-19 evening2
11,1554706050692,0.849,0.588,9.302,4-7-19 evening2
12,1554706050897,1.439,1.029,9.351,4-7-19 evening2
13,1554706051101,2.64,4.448,7.795,4-7-19 evening2
14,1554706051305,1.119,2.984,9.283,4-7-19 evening2
15,1554706051509,0.325,-0.577,10.349,4-7-19 evening2
16,1554706051717,0.561,-2.24,9.389,4-7-19 evening2
17,1554706051917,0.036,-0.407,9.667,4-7-19 evening2
18,1554706052121,0.556,-0.1,9.762,4-7-19 evening2
19,1554706052327,0.513,-0.169,9.702,4-7-19 evening2
20,1554706052529,0.548,0.021,9.686,4-7-19 evening2
21,1554706052739,0.992,0.209,9.817,4-7-19 evening2
22,1554706052951,1.308,0.176,9.378,4-7-19 evening2
23,1554706053157,1.682,0.085,9.628,4-7-19 evening2
24,1554706053355,1.608,0.456,9.521,4-7-19 evening2
25,1554706053554,1.694,0.651,9.752,4-7-19 evening2
26,1554706053768,1.435,1.864,9.388,4-7-19 evening2
27,1554706053963,1.521,2.539,9.016,4-7-19 evening2
28,1554706054164,1.302,2.392,9.369,4-7-19 evening2
29,1554706054372,0.862,2.244,9.43,4-7-19 evening2
30,1554706054571,1.284,1.956,9.601,4-7-19 evening2
31,1554706054777,1.254,2.016,9.356,4-7-19 evening2
32,1554706055002,1.147,2.024,9.457,4-7-19 evening2
33,1554706055207,1.211,1.971,9.523,4-7-19 evening2
34,1554706055410,1.339,1.885,9.4,4-7-19 evening2
35,1554706055614,1.333,1.927,9.469,4-7-19 evening2
36,1554706055819,1.228,1.923,9.489,4-7-19 evening2
37,1554706056027,1.275,1.802,9.507,4-7-19 evening2
38,1554706056243,1.085,2.01,9.371,4-7-19 evening2
39,1554706056431,1.169,2.148,9.456,4-7-19 evening2
40,1554706056635,1.2,2.028,9.471,4-7-19 evening2
41,1554706056839,0.997,1.933,9.442,4-7-19 evening2
42,1554706057044,0.722,1.215,9.831,4-7-19 evening2
43,1554706057249,-0.214,1.899,9.43,4-7-19 evening2
44,1554706057452,1.507,2.586,9.471,4-7-19 evening2
45,1554706057657,-0.179,2.357,8.915,4-7-19 evening2
46,1554706057861,-1.181,2.919,9.212,4-7-19 evening2
47,1554706058066,-0.258,2.571,9.682,4-7-19 evening2
48,1554706058269,-1.159,2.926,9.065,4-7-19 evening2
49,1554706058473,0.156,2.879,9.245,4-7-19 evening2
50,1554706058682,-0.218,2.857,9.4,4-7-19 evening2
51,1554706058881,0.366,3.575,8.943,4-7-19 evening2
52,1554706059088,0.689,3.488,9.294,4-7-19 evening2
53,1554706059290,0.962,3.665,8.949,4-7-19 evening2
54,1554706059495,1.435,3.23,8.981,4-7-19 evening2
55,1554706059698,1.282,3.268,9.079,4-7-19 evening2
56,1554706059902,1.065,2.578,9.019,4-7-19 evening2
57,1554706060107,0.667,0.978,10.005,4-7-19 evening2
58,1554706060314,1.367,0.543,9.594,4-7-19 evening2
59,1554706060520,1.4,0.433,9.824,4-7-19 evening2
60,1554706060719,1.75,1.203,9.287,4-7-19 evening2
61,1554706060924,1.496,1.656,9.478,4-7-19 evening2
62,1554706061130,1.436,2.279,9.301,4-7-19 evening2
63,1554706061336,1.474,2.046,9.375,4-7-19 evening2
64,1554706061537,1.107,2.062,9.5,4-7-19 evening2
65,1554706061740,1.188,1.89,9.522,4-7-19 evening2
66,1554706061946,1.148,1.872,9.41,4-7-19 evening2
67,1554706062151,1.13,1.881,9.52,4-7-19 evening2
68,1554706062355,1.075,1.882,9.492,4-7-19 evening2
69,1554706062556,1.029,1.516,9.167,4-7-19 evening2
70,1554706062761,0.859,0.724,10.221,4-7-19 evening2
71,1554706062965,0.778,1.532,9.583,4-7-19 evening2
72,1554706063176,0.71,2.066,9.279,4-7-19 evening2
73,1554706063383,1.554,2.945,9.24,4-7-19 evening2
74,1554706063584,1.63,3.105,9.007,4-7-19 evening2
75,1554706063792,1.457,3.18,9.123,4-7-19 evening2
76,1554706063996,1.505,3.202,9.045,4-7-19 evening2
77,1554706064199,1.596,3.212,9.193,4-7-19 evening2
78,1554706064397,1.701,3.368,8.99,4-7-19 evening2
79,1554706064599,1.943,3.095,8.777,4-7-19 evening2
80,1554706064804,1.882,2.872,9.288,4-7-19 evening2
81,1554706065008,1.808,2.834,9.168,4-7-19 evening2
82,1554706065213,1.729,2.778,9.019,4-7-19 evening2
83,1554706065419,1.669,2.88,9.269,4-7-19 evening2
84,1554706065637,1.685,2.887,9.138,4-7-19 evening2
85,1554706065830,1.764,2.78,9.157,4-7-19 evening2
86,1554706066029,1.707,2.916,9.125,4-7-19 evening2
87,1554706066234,1.796,2.832,9.156,4-7-19 evening2
88,1554706066447,1.76,2.855,9.161,4-7-19 evening2
89,1554706066648,1.761,2.853,9.122,4-7-19 evening2
90,1554706066852,1.741,2.887,9.16,4-7-19 evening2
91,1554706067065,1.724,2.837,9.111,4-7-19 evening2
92,1554706067255,1.607,2.965,9.208,4-7-19 evening2
93,1554706067459,1.618,2.91,9.09,4-7-19 evening2
94,1554706067671,1.643,2.948,9.156,4-7-19 evening2
95,1554706067882,1.519,3.091,9.12,4-7-19 evening2
96,1554706068083,1.521,3.117,9.158,4-7-19 evening2
97,1554706068297,1.382,3.175,9.021,4-7-19 evening2
98,1554706068488,1.288,3.338,9.075,4-7-19 evening2
99,1554706068698,1.104,3.503,9.037,4-7-19 evening2
100,1554706068888,1.154,3.358,9.168,4-7-19 evening2
101,1554706069098,1.233,3.554,8.937,4-7-19 evening2
102,1554706069307,1.305,3.569,9.021,4-7-19 evening2
103,1554706069508,1.316,3.465,8.98,4-7-19 evening2
104,1554706069705,1.893,3.254,8.965,4-7-19 evening2
105,1554706069908,1.777,3.602,8.961,4-7-19 evening2
106,1554706070113,1.7,3.58,8.843,4-7-19 evening2
107,1554706070318,1.731,3.586,8.874,4-7-19 evening2
108,1554706070521,1.648,3.551,8.873,4-7-19 evening2
109,1554706070727,1.758,3.396,8.99,4-7-19 evening2
110,1554706070929,1.718,3.324,9.066,4-7-19 evening2
111,1554706071134,1.595,3.279,9.041,4-7-19 evening2
112,1554706071339,1.577,3.336,8.953,4-7-19 evening2
113,1554706071542,1.622,3.326,9.033,4-7-19 evening2
114,1554706071747,1.539,3.355,9.049,4-7-19 evening2
115,1554706071951,1.464,3.323,9.007,4-7-19 evening2
116,1554706072155,1.548,3.39,9.071,4-7-19 evening2
117,1554706072359,1.305,3.741,8.91,4-7-19 evening2
118,1554706072563,1.551,3.723,8.89,4-7-19 evening2
119,1554706072766,2.135,3.409,8.828,4-7-19 evening2
120,1554706072970,1.73,3.614,8.821,4-7-19 evening2
121,1554706073176,1.495,3.595,8.933,4-7-19 evening2
122,1554706073380,1.612,3.87,8.88,4-7-19 evening2
123,1554706073584,1.689,3.688,8.756,4-7-19 evening2
124,1554706073788,1.27,4.058,9.165,4-7-19 evening2
125,1554706073993,-1.734,2.617,9.243,4-7-19 evening2
126,1554706074201,-1.721,1.849,8.962,4-7-19 evening2
127,1554706074406,-2.266,1.981,9.225,4-7-19 evening2
128,1554706074768,-2.127,-0.228,6.852,4-7-19 evening2
129,1554706074826,-0.715,-1.457,10.885,4-7-19 evening2
130,1554706075013,-1.847,-0.023,10.691,4-7-19 evening2
131,1554706075218,-5.568,0.003,7.698,4-7-19 evening2
132,1554706075425,-4.114,0.99,8.894,4-7-19 evening2
133,1554706075633,-1.047,0.698,10.008,4-7-19 evening2
134,1554706075832,0.588,0.476,9.78,4-7-19 evening2
135,1554706076037,0.497,0.506,9.634,4-7-19 evening2
136,1554706076245,0.535,0.49,9.704,4-7-19 evening2
137,1554706076443,0.534,0.496,9.702,4-7-19 evening2
138,1554706076650,0.539,0.493,9.701,4-7-19 evening2
139,1554706076857,0.535,0.493,9.707,4-7-19 evening2
140,1554706077060,0.536,0.496,9.702,4-7-19 evening2
141,1554706077263,0.536,0.498,9.704,4-7-19 evening2
142,1554706077477,0.538,0.5,9.706,4-7-19 evening2
143,1554706077671,0.54,0.497,9.708,4-7-19 evening2
144,1554706077888,0.536,0.493,9.703,4-7-19 evening2
145,1554706078076,0.54,0.497,9.701,4-7-19 evening2
146,1554706078281,0.54,0.497,9.706,4-7-19 evening2
147,1554706078492,0.541,0.494,9.699,4-7-19 evening2
148,1554706078696,0.538,0.496,9.709,4-7-19 evening2
149,1554706078907,0.542,0.494,9.706,4-7-19 evening2
150,1554706079109,0.538,0.493,9.703,4-7-19 evening2
151,1554706079309,0.537,0.493,9.698,4-7-19 evening2
152,1554706079514,0.538,0.497,9.711,4-7-19 evening2
153,1554706079713,0.541,0.499,9.701,4-7-19 evening2
154,1554706079918,0.537,0.493,9.7,4-7-19 evening2
155,1554706080134,0.543,0.495,9.699,4-7-19 evening2
156,1554706080327,0.538,0.496,9.708,4-7-19 evening2
157,1554706080527,0.538,0.497,9.698,4-7-19 evening2
158,1554706080747,0.535,0.491,9.703,4-7-19 evening2
159,1554706080952,0.539,0.496,9.705,4-7-19 evening2
160,1554706081155,0.538,0.495,9.702,4-7-19 evening2
161,1554706081351,0.532,0.494,9.704,4-7-19 evening2
162,1554706081559,0.538,0.496,9.704,4-7-19 evening2
163,1554706081767,0.539,0.491,9.703,4-7-19 evening2
164,1554706081971,0.537,0.493,9.709,4-7-19 evening2
165,1554706082164,0.537,0.493,9.698,4-7-19 evening2
166,1554706082379,0.54,0.493,9.701,4-7-19 evening2
167,1554706082578,0.533,0.493,9.698,4-7-19 evening2
168,1554706082778,0.537,0.493,9.703,4-7-19 evening2
169,1554706082989,0.538,0.491,9.701,4-7-19 evening2
170,1554706083197,0.54,0.491,9.702,4-7-19 evening2
171,1554706083401,0.539,0.495,9.701,4-7-19 evening2
172,1554706083600,0.54,0.497,9.701,4-7-19 evening2
173,1554706083801,0.54,0.494,9.706,4-7-19 evening2
174,1554706084002,0.54,0.495,9.702,4-7-19 evening2
175,1554706084219,0.534,0.498,9.704,4-7-19 evening2
176,1554706084422,0.539,0.497,9.706,4-7-19 evening2
177,1554706084615,0.538,0.496,9.701,4-7-19 evening2
178,1554706084818,0.542,0.49,9.7,4-7-19 evening2
179,1554706085035,0.539,0.493,9.705,4-7-19 evening2
180,1554706085237,0.541,0.494,9.704,4-7-19 evening2
181,1554706085429,0.54,0.492,9.707,4-7-19 evening2
182,1554706085635,0.539,0.494,9.706,4-7-19 evening2
183,1554706085844,0.539,0.496,9.701,4-7-19 evening2
184,1554706086055,0.54,0.496,9.697,4-7-19 evening2
185,1554706086257,0.535,0.493,9.706,4-7-19 evening2
186,1554706086460,0.542,0.498,9.7,4-7-19 evening2
187,1554706086669,0.541,0.496,9.705,4-7-19 evening2
188,1554706086869,0.537,0.495,9.707,4-7-19 evening2
189,1554706087069,0.539,0.495,9.705,4-7-19 evening2
190,1554706087281,0.54,0.497,9.697,4-7-19 evening2
191,1554706087486,0.538,0.496,9.701,4-7-19 evening2
192,1554706087685,0.537,0.499,9.706,4-7-19 evening2
193,1554706087881,0.54,0.5,9.707,4-7-19 evening2
194,1554706088096,0.539,0.498,9.704,4-7-19 evening2
195,1554706088302,0.537,0.491,9.7,4-7-19 evening2
196,1554706088507,0.538,0.496,9.699,4-7-19 evening2
197,1554706088703,0.54,0.498,9.7,4-7-19 evening2
198,1554706088906,0.541,0.495,9.706,4-7-19 evening2
199,1554706089107,0.539,0.499,9.702,4-7-19 evening2
200,1554706089323,0.536,0.494,9.7,4-7-19 evening2
201,1554706089516,0.538,0.498,9.708,4-7-19 evening2
202,1554706089717,0.539,0.497,9.709,4-7-19 evening2
203,1554706089925,0.539,0.494,9.704,4-7-19 evening2
204,1554706090123,0.537,0.498,9.706,4-7-19 evening2
205,1554706090331,0.541,0.493,9.706,4-7-19 evening2
206,1554706090536,0.544,0.496,9.703,4-7-19 evening2
207,1554706090751,0.54,0.494,9.703,4-7-19 evening2
208,1554706090941,0.535,0.494,9.714,4-7-19 evening2
209,1554706091145,0.542,0.501,9.703,4-7-19 evening2
210,1554706091349,0.537,0.496,9.715,4-7-19 evening2
211,1554706091557,0.535,0.475,9.697,4-7-19 evening2
212,1554706091772,0.557,0.504,9.766,4-7-19 evening2
213,1554706091971,0.518,0.475,9.644,4-7-19 evening2
214,1554706092182,0.526,0.488,9.717,4-7-19 evening2
215,1554706092386,0.53,0.478,9.705,4-7-19 evening2
216,1554706092581,0.527,0.468,9.705,4-7-19 evening2
217,1554706092782,0.522,0.483,9.703,4-7-19 evening2
218,1554706092986,0.516,0.493,9.704,4-7-19 evening2
219,1554706093203,0.522,0.495,9.705,4-7-19 evening2
220,1554706093400,0.517,0.498,9.716,4-7-19 evening2
221,1554706093610,0.518,0.485,9.704,4-7-19 evening2
222,1554706093804,0.519,0.484,9.705,4-7-19 evening2
223,1554706094013,0.519,0.487,9.705,4-7-19 evening2
224,1554706094215,0.519,0.491,9.709,4-7-19 evening2
225,1554706094416,0.52,0.493,9.699,4-7-19 evening2
226,1554706094626,0.514,0.495,9.706,4-7-19 evening2
227,1554706094827,0.517,0.485,9.702,4-7-19 evening2
228,1554706095031,0.521,0.489,9.707,4-7-19 evening2
229,1554706095235,0.518,0.481,9.702,4-7-19 evening2
230,1554706095441,0.515,0.486,9.709,4-7-19 evening2
231,1554706095643,0.517,0.472,9.71,4-7-19 evening2
232,1554706095845,0.524,0.476,9.706,4-7-19 evening2
233,1554706096049,0.519,0.475,9.71,4-7-19 evening2
234,1554706096266,0.518,0.47,9.71,4-7-19 evening2
235,1554706096468,0.517,0.47,9.707,4-7-19 evening2
236,1554706096661,0.517,0.471,9.705,4-7-19 evening2
237,1554706096866,0.521,0.471,9.712,4-7-19 evening2
238,1554706097082,0.519,0.47,9.702,4-7-19 evening2
239,1554706097287,0.516,0.47,9.705,4-7-19 evening2
240,1554706097487,0.524,0.474,9.704,4-7-19 evening2
241,1554706097695,0.52,0.47,9.711,4-7-19 evening2
242,1554706097898,0.517,0.477,9.71,4-7-19 evening2
243,1554706098093,0.519,0.472,9.705,4-7-19 evening2
244,1554706098295,0.523,0.474,9.714,4-7-19 evening2
245,1554706098511,0.518,0.471,9.701,4-7-19 evening2
246,1554706098713,0.527,0.473,9.712,4-7-19 evening2
247,1554706098904,0.521,0.474,9.707,4-7-19 evening2
248,1554706099108,0.517,0.474,9.705,4-7-19 evening2
249,1554706099316,0.523,0.469,9.711,4-7-19 evening2
250,1554706099532,0.521,0.47,9.703,4-7-19 evening2
251,1554706099725,0.523,0.471,9.706,4-7-19 evening2
252,1554706099931,0.519,0.466,9.705,4-7-19 evening2
253,1554706100138,0.52,0.468,9.707,4-7-19 evening2
254,1554706100345,0.52,0.467,9.706,4-7-19 evening2
255,1554706100553,0.522,0.47,9.704,4-7-19 evening2
256,1554706100754,0.522,0.474,9.709,4-7-19 evening2
257,1554706100960,0.516,0.476,9.705,4-7-19 evening2
258,1554706101167,0.52,0.471,9.709,4-7-19 evening2
259,1554706101366,0.526,0.474,9.698,4-7-19 evening2
260,1554706101566,0.521,0.479,9.706,4-7-19 evening2
261,1554706101777,0.522,0.467,9.701,4-7-19 evening2
262,1554706101968,0.522,0.473,9.703,4-7-19 evening2
263,1554706102184,0.522,0.471,9.699,4-7-19 evening2
264,1554706102391,0.523,0.468,9.707,4-7-19 evening2
265,1554706102582,0.523,0.467,9.704,4-7-19 evening2
266,1554706102799,0.522,0.471,9.71,4-7-19 evening2
267,1554706102991,0.522,0.465,9.704,4-7-19 evening2
268,1554706103208,0.522,0.474,9.703,4-7-19 evening2
269,1554706103409,0.523,0.471,9.709,4-7-19 evening2
270,1554706103617,0.523,0.47,9.714,4-7-19 evening2
271,1554706103819,0.522,0.469,9.703,4-7-19 evening2
272,1554706104025,0.521,0.471,9.707,4-7-19 evening2
273,1554706104219,0.525,0.474,9.704,4-7-19 evening2
274,1554706104421,0.527,0.473,9.707,4-7-19 evening2
275,1554706104623,0.521,0.471,9.709,4-7-19 evening2
276,1554706104829,0.524,0.474,9.712,4-7-19 evening2
277,1554706105047,0.516,0.472,9.71,4-7-19 evening2
278,1554706105248,0.52,0.472,9.713,4-7-19 evening2
279,1554706105455,0.523,0.468,9.707,4-7-19 evening2
280,1554706105658,0.522,0.469,9.701,4-7-19 evening2
281,1554706105863,0.517,0.471,9.709,4-7-19 evening2
282,1554706106066,0.521,0.47,9.705,4-7-19 evening2
283,1554706106261,0.526,0.468,9.708,4-7-19 evening2
284,1554706106476,0.519,0.47,9.709,4-7-19 evening2
285,1554706106678,0.523,0.47,9.705,4-7-19 evening2
286,1554706106881,0.527,0.468,9.706,4-7-19 evening2
287,1554706107076,0.523,0.469,9.708,4-7-19 evening2
288,1554706107292,0.522,0.473,9.71,4-7-19 evening2
289,1554706107481,0.521,0.465,9.711,4-7-19 evening2
290,1554706107684,0.522,0.473,9.707,4-7-19 evening2
291,1554706107897,0.528,0.472,9.71,4-7-19 evening2
292,1554706108097,0.523,0.472,9.702,4-7-19 evening2
293,1554706108310,0.521,0.473,9.705,4-7-19 evening2
294,1554706108506,0.52,0.469,9.707,4-7-19 evening2
295,1554706108718,0.525,0.472,9.71,4-7-19 evening2
296,1554706108916,0.525,0.468,9.705,4-7-19 evening2
297,1554706109118,0.523,0.472,9.711,4-7-19 evening2