1,1554664286970,-0.253,3.592,9.189,4-7-19
2,1554664287171,-0.648,3.251,9.265,4-7-19
3,1554664287376,-0.91,2.712,9.543,4-7-19
4,1554664287581,-1.162,2.555,9.629,4-7-19
5,1554664287779,-0.933,3.242,9.172,4-7-19
6,1554664287989,-0.508,3.828,8.708,4-7-19
7,1554664288187,-1.155,4.463,9.123,4-7-19
8,1554664288391,-0.978,4.003,8.612,4-7-19
9,1554664288589,0.178,3.438,8.912,4-7-19
10,1554664288800,-0.242,1.537,10.345,4-7-19
11,1554664289000,-0.789,1.618,9.52,4-7-19
12,1554664289199,-0.953,1.415,10.003,4-7-19
13,1554664289408,-1.28,1.545,9.62,4-7-19
14,1554664289602,-0.635,1.987,9.705,4-7-19
15,1554664289806,-0.189,1.735,9.526,4-7-19
16,1554664290012,-0.336,1.685,9.664,4-7-19
17,1554664290213,-0.6,1.596,9.915,4-7-19
18,1554664290415,-0.925,2.103,9.434,4-7-19
19,1554664290615,-0.669,2.457,9.52,4-7-19
20,1554664290819,-0.644,2.397,9.628,4-7-19
21,1554664291023,-0.606,2.618,9.446,4-7-19
22,1554664291225,-0.456,2.441,9.557,4-7-19
23,1554664291428,-0.515,2.453,9.469,4-7-19
24,1554664291630,-0.513,2.688,9.577,4-7-19
25,1554664291831,-0.142,2.758,9.383,4-7-19
26,1554664292034,0.07,3.211,9.388,4-7-19
27,1554664292237,0.334,3.464,9.467,4-7-19
28,1554664292439,0.075,3.184,9.077,4-7-19
29,1554664292643,-0.135,3.314,9.386,4-7-19
30,1554664292845,0.354,3.436,9.186,4-7-19
31,1554664293049,0.952,3.391,9.491,4-7-19
32,1554664293251,-0.046,2.435,9.572,4-7-19
33,1554664293455,0.028,2.493,9.417,4-7-19
34,1554664293657,-0.432,2.225,9.544,4-7-19
35,1554664293860,-0.416,2.265,9.657,4-7-19
36,1554664294066,-0.501,2.283,9.497,4-7-19
37,1554664294265,-0.417,2.32,9.489,4-7-19
38,1554664294467,-0.308,2.331,9.602,4-7-19
39,1554664294671,-0.488,2.268,9.666,4-7-19
40,1554664294878,-0.47,2.049,9.654,4-7-19
41,1554664295078,-0.507,1.997,9.674,4-7-19
42,1554664295278,-0.849,1.825,9.654,4-7-19
43,1554664295483,-0.665,1.703,9.595,4-7-19
44,1554664295691,-0.916,1.759,9.778,4-7-19
45,1554664295891,-0.889,1.557,9.658,4-7-19
46,1554664296088,-1.151,1.865,9.461,4-7-19
47,1554664296291,-0.793,1.696,9.794,4-7-19
48,1554664296493,-0.562,1.799,9.704,4-7-19
49,1554664296701,-0.513,2.104,9.544,4-7-19
50,1554664296901,-0.447,2.136,9.62,4-7-19
51,1554664297108,-0.484,2.155,9.673,4-7-19
52,1554664297306,-0.376,2.271,9.569,4-7-19
53,1554664297516,-0.37,2.453,9.479,4-7-19
54,1554664297715,-0.279,2.551,9.686,4-7-19
55,1554664297914,-0.557,2.527,9.35,4-7-19
56,1554664298121,-0.686,2.574,9.55,4-7-19
57,1554664298324,1.43,3.237,9.347,4-7-19
58,1554664298527,2.244,4.189,9.048,4-7-19
59,1554664298725,0.217,4.13,8.742,4-7-19
60,1554664298928,-3.764,3.506,7.998,4-7-19
61,1554664299135,2.47,3.964,9.622,4-7-19
62,1554664299337,0.065,4.433,8.808,4-7-19
63,1554664299538,0.142,5.144,9.606,4-7-19
64,1554664299741,0.882,6.122,8.616,4-7-19
65,1554664299948,0.815,7.251,6.34,4-7-19
66,1554664300152,0.941,7.18,4.329,4-7-19
67,1554664300347,-0.795,8.688,4.356,4-7-19
68,1554664300553,-0.808,8.568,4.8,4-7-19
69,1554664300752,-0.497,8.619,4.991,4-7-19
70,1554664300963,-0.394,8.553,5.209,4-7-19
71,1554664301163,-0.4,8.524,5.127,4-7-19
72,1554664301369,-0.625,8.423,4.94,4-7-19
73,1554664301565,-0.084,6.339,3.008,4-7-19
74,1554664301768,0.828,2.864,13.212,4-7-19
75,1554664301974,0.076,5.467,7.843,4-7-19
76,1554664302176,-0.591,6.679,7.213,4-7-19
77,1554664302377,-1.152,6.826,6.99,4-7-19
78,1554664302577,-1.496,6.507,7.653,4-7-19
79,1554664302778,-1.821,6.783,6.827,4-7-19
80,1554664302982,-1.39,6.994,6.919,4-7-19
81,1554664303186,-0.953,7.257,6.739,4-7-19
82,1554664303396,-0.976,6.96,6.47,4-7-19
83,1554664303590,-1.255,7.137,7.186,4-7-19
84,1554664303793,-1.557,7.118,6.984,4-7-19
85,1554664304002,-1.424,7.135,6.664,4-7-19
86,1554664304198,-1.561,7.099,6.452,4-7-19
87,1554664304401,-1.66,7.058,7.163,4-7-19
88,1554664304609,-1.312,7.189,6.561,4-7-19
89,1554664304814,-1.092,7.343,6.733,4-7-19
90,1554664305009,-1.236,7.129,6.697,4-7-19
91,1554664305217,-1.282,6.973,6.865,4-7-19
92,1554664305419,-1.347,6.867,7.078,4-7-19
93,1554664305622,-1.572,6.695,7.347,4-7-19
94,1554664305821,-1.518,7.122,6.795,4-7-19
95,1554664306022,-1.198,6.983,6.927,4-7-19
96,1554664306229,-1.591,6.817,7.131,4-7-19
97,1554664306427,-1.408,7.039,6.78,4-7-19
98,1554664306630,-1.185,7.119,6.989,4-7-19
99,1554664306838,-1.265,7.261,6.533,4-7-19
100,1554664307036,-1.298,7.239,6.638,4-7-19
101,1554664307242,-1.282,7.219,6.717,4-7-19
102,1554664307447,-1.204,7.231,6.704,4-7-19
103,1554664307648,-1.246,7.197,6.747,4-7-19
104,1554664307848,-1.182,7.271,6.787,4-7-19
105,1554664308053,-1.293,7.202,6.674,4-7-19
106,1554664308254,-1.323,7.189,6.767,4-7-19
107,1554664308460,-1.255,7.176,6.664,4-7-19
108,1554664308664,-1.305,7.114,6.823,4-7-19
109,1554664308870,-1.176,7.237,6.834,4-7-19
110,1554664309069,-1.343,7.164,6.6,4-7-19
111,1554664309272,-1.31,7.154,6.916,4-7-19
112,1554664309476,-1.083,7.217,6.882,4-7-19
113,1554664309681,-1.185,7.387,5.655,4-7-19
114,1554664309883,-1.622,6.481,7.949,4-7-19
115,1554664310080,-2.042,6.78,6.99,4-7-19
116,1554664310282,-2.3,7.192,6.591,4-7-19
117,1554664310488,-2.67,6.991,6.314,4-7-19
118,1554664310688,-2.535,7.084,6.586,4-7-19
119,1554664310888,-2.485,7.523,5.95,4-7-19
120,1554664311091,-2.631,7.173,6.181,4-7-19
121,1554664311377,-2.709,6.973,6.572,4-7-19
122,1554664311496,-2.641,6.93,6.935,4-7-19
123,1554664311700,-2.644,7.379,6.195,4-7-19
124,1554664311901,0.474,7.442,6.063,4-7-19
125,1554664312091,0.01,7.274,7.55,4-7-19
126,1554664312287,-1.783,6.986,6.608,4-7-19
127,1554664312490,-2.186,7.294,6.319,4-7-19
128,1554664312695,-2.452,7.32,6.037,4-7-19
129,1554664312898,-2.619,7.239,6.178,4-7-19
130,1554664313098,-2.667,7.081,6.605,4-7-19
131,1554664313301,-2.595,7.116,6.484,4-7-19
132,1554664313504,-2.699,7.126,6.128,4-7-19
133,1554664313707,-2.777,6.824,6.661,4-7-19
134,1554664313932,-2.547,6.699,6.994,4-7-19
135,1554664314133,-1.738,6.946,6.752,4-7-19
136,1554664314334,-4.393,4.055,7.765,4-7-19
137,1554664314537,-5.219,2.943,8.871,4-7-19
138,1554664314741,-2.684,4.052,7.792,4-7-19
139,1554664314955,-1.438,6.066,7.822,4-7-19
140,1554664315124,-1.104,6.362,7.682,4-7-19
141,1554664315327,-2.052,4.782,8.57,4-7-19
142,1554664315530,-2.222,6.924,6.349,4-7-19
143,1554664315733,-2.422,7.078,6.523,4-7-19
144,1554664315936,-2.423,7.691,5.74,4-7-19
145,1554664316139,-2.394,7.369,6.198,4-7-19
146,1554664316342,-2.16,7.473,6.273,4-7-19
147,1554664316544,-2.47,7.316,6.061,4-7-19
148,1554664316746,-1.989,7.351,6.571,4-7-19
149,1554664316948,-1.47,7.215,6.824,4-7-19
150,1554664317151,-1.205,7.111,6.752,4-7-19
151,1554664317354,-2.16,6.955,6.813,4-7-19
152,1554664317557,-1.588,7.414,6.313,4-7-19
153,1554664317760,-1.504,7.524,6.266,4-7-19
154,1554664318065,-1.821,7.077,7.441,4-7-19
155,1554664318134,-2.276,7.1,6.132,4-7-19
156,1554664318151,-2.015,7.396,6.389,4-7-19
157,1554664318165,-1.827,7.581,6.783,4-7-19
158,1554664318184,-1.615,7.479,7.154,4-7-19
159,1554664318216,-1.662,7.39,7.119,4-7-19
160,1554664318236,-1.658,7.424,6.633,4-7-19
161,1554664318257,-1.641,7.415,6.302,4-7-19
162,1554664318692,-2.315,7.517,5.93,4-7-19
163,1554664318895,-1.468,7.757,6.18,4-7-19
164,1554664319101,-1.422,7.496,6.298,4-7-19
165,1554664319301,-1.448,7.463,6.726,4-7-19
166,1554664319506,-1.118,7.833,5.428,4-7-19
167,1554664319707,-3.135,6.426,6.719,4-7-19
168,1554664319913,-1.516,7.514,6.783,4-7-19
169,1554664320235,-2.022,6.432,6.137,4-7-19
170,1554664320315,0.009,5.697,8.428,4-7-19
171,1554664320538,0.348,1.58,9.332,4-7-19
172,1554664320741,-1.528,-0.281,10.927,4-7-19
173,1554664321071,0.36,0.388,9.829,4-7-19
174,1554664321285,-0.24,0.382,9.878,4-7-19
175,1554664321486,-0.336,0.116,10.404,4-7-19
176,1554664321683,-5.377,-1.386,9.754,4-7-19
177,1554664321908,-5.368,2.911,6.561,4-7-19
178,1554664322111,-0.803,5.949,5.927,4-7-19
179,1554664322312,1.548,6.325,8.851,4-7-19
180,1554664322505,2.753,6.91,7.202,4-7-19
181,1554664322684,-1.045,5.612,7.466,4-7-19
182,1554664322887,-2.486,5.851,7.557,4-7-19
183,1554664323111,-3.299,6.353,6.844,4-7-19
184,1554664323314,-4.205,6.796,5.49,4-7-19
185,1554664323528,-4.779,6.504,5.644,4-7-19
186,1554664323731,-4.631,6.345,6.272,4-7-19
187,1554664323903,-4.699,6.229,6.254,4-7-19
188,1554664324120,-4.763,6.315,5.749,4-7-19
189,1554664324317,-4.255,6.495,6.558,4-7-19
190,1554664324521,-4.128,6.699,6.078,4-7-19
191,1554664324821,-4.403,7.04,5.347,4-7-19
192,1554664325026,-4.47,7.024,5.147,4-7-19
193,1554664325224,-4.444,7.08,5.53,4-7-19
194,1554664325428,-4.393,7.034,5.36,4-7-19
195,1554664325631,-4.3,7.124,5.373,4-7-19
196,1554664325833,-4.368,7.12,5.597,4-7-19
197,1554664326036,-4.375,7.056,5.213,4-7-19
198,1554664326243,-4.36,7.121,5.603,4-7-19
199,1554664326446,-4.221,7.109,5.377,4-7-19
200,1554664326646,-4.276,6.887,5.427,4-7-19
201,1554664326848,-4.322,6.307,6.888,4-7-19
202,1554664327049,-4.267,6.474,5.93,4-7-19
203,1554664327255,-4.395,6.549,6.072,4-7-19
204,1554664327458,-4.241,6.682,5.975,4-7-19
205,1554664327660,-4.273,6.668,5.766,4-7-19
206,1554664327865,-4.516,5.586,6.619,4-7-19
207,1554664328063,-5.004,4.546,7.232,4-7-19
208,1554664328267,-4.359,6.261,6.66,4-7-19
209,1554664328471,-4.389,6.224,6.447,4-7-19
210,1554664328671,-3.883,6.519,5.657,4-7-19
211,1554664328875,-4.652,6.816,5.469,4-7-19
212,1554664329079,-4.658,6.331,6.793,4-7-19
213,1554664329283,-4.204,6.506,6.157,4-7-19
214,1554664329481,-4.764,6.31,6.117,4-7-19
215,1554664329618,-3.73,6.734,6.028,4-7-19
216,1554664329638,-3.759,6.661,6.223,4-7-19
217,1554664329659,-4.251,6.75,5.883,4-7-19
218,1554664329679,-4.437,6.725,5.753,4-7-19
219,1554664329699,-4.596,6.689,5.49,4-7-19
220,1554664329719,-4.231,6.957,5.618,4-7-19
221,1554664329740,-3.816,6.975,6.263,4-7-19
222,1554664329769,-3.923,6.822,6.347,4-7-19
223,1554664329781,-3.822,6.908,6.559,4-7-19
224,1554664329801,-3.766,6.769,6.496,4-7-19
225,1554664329822,-3.981,6.769,5.985,4-7-19
226,1554664329842,-3.957,7.028,5.929,4-7-19
227,1554664329861,-3.998,6.734,5.845,4-7-19
228,1554664329882,-4.037,6.496,5.672,4-7-19
229,1554664329903,-4.051,6.806,5.963,4-7-19
230,1554664329930,-3.927,7.004,6.094,4-7-19
231,1554664329944,-3.749,7.156,5.966,4-7-19
232,1554664329966,-3.517,7.1,5.894,4-7-19
233,1554664329986,-3.749,7.105,5.646,4-7-19
234,1554664330006,-3.719,7.059,5.813,4-7-19
235,1554664330025,-3.6,6.98,5.641,4-7-19
236,1554664330057,-3.654,7.145,5.38,4-7-19
237,1554664330077,-3.598,7.12,5.168,4-7-19
238,1554664330093,-3.552,7.161,5.318,4-7-19
239,1554664330109,-3.569,7.03,5.633,4-7-19
240,1554664330127,-3.585,6.895,5.852,4-7-19
241,1554664330148,-3.638,6.895,5.557,4-7-19
242,1554664330168,-3.839,6.915,5.393,4-7-19
243,1554664330189,-4.093,6.818,5.446,4-7-19
244,1554664330212,-4.312,6.521,5.268,4-7-19
245,1554664330229,-4.363,6.357,4.85,4-7-19
246,1554664330249,-4.028,6.439,5.138,4-7-19
247,1554664330280,-3.182,6.381,7.398,4-7-19
248,1554664330290,-3.207,6.97,7.875,4-7-19
249,1554664330312,-3.751,6.697,7.177,4-7-19
250,1554664330333,-4.216,6.629,6.123,4-7-19
251,1554664330353,-3.984,6.26,5.813,4-7-19
252,1554664330372,-3.576,5.915,5.444,4-7-19
253,1554664330394,-3.733,5.731,7.108,4-7-19
254,1554664330414,-4.371,5.327,9.006,4-7-19
255,1554664330442,-4.775,5.388,7.813,4-7-19
256,1554664330465,-4.04,5.999,7.328,4-7-19
257,1554664330482,-3.582,6.75,8.404,4-7-19
258,1554664330511,-4.19,5.909,8.436,4-7-19
259,1554664330527,-4.9,6.029,7.577,4-7-19
260,1554664330544,-3.889,5.594,6.968,4-7-19
261,1554664330561,-2.631,5.549,7.038,4-7-19
262,1554664330577,-2.112,5.365,7.917,4-7-19
263,1554664330600,-1.867,4.786,8.612,4-7-19
264,1554664330616,-1.622,4.498,9.28,4-7-19
265,1554664330638,-1.887,4.49,9.42,4-7-19
266,1554664330661,-2.203,4.959,8.802,4-7-19
267,1554664330676,-2.55,5.496,7.822,4-7-19
268,1554664330696,-2.679,5.703,7.408,4-7-19
269,1554664330716,-2.814,5.71,7.662,4-7-19
270,1554664330737,-2.732,5.535,8.258,4-7-19
271,1554664330760,-2.677,5.18,8.201,4-7-19
272,1554664330777,-2.659,5.374,8.001,4-7-19
273,1554664330805,-2.808,5.597,8.245,4-7-19
274,1554664330826,-2.651,5.344,8.43,4-7-19
275,1554664330846,-2.78,5.255,7.651,4-7-19
276,1554664330869,-2.758,5.555,7.347,4-7-19
277,1554664330889,-2.743,5.46,7.614,4-7-19
278,1554664330913,-2.91,5.579,8.065,4-7-19
279,1554664330918,-3.172,5.539,8.145,4-7-19
280,1554664330937,-3.358,5.44,7.546,4-7-19
281,1554664330958,-3.368,5.6,6.88,4-7-19
282,1554664330977,-3.119,5.757,6.802,4-7-19
283,1554664330998,-2.949,5.816,7.205,4-7-19
284,1554664331017,-3.148,5.716,7.389,4-7-19
285,1554664331045,-3.197,5.739,6.999,4-7-19
286,1554664331061,-2.994,5.823,6.821,4-7-19
287,1554664331082,-2.865,5.747,7.18,4-7-19
288,1554664331099,-2.996,5.541,7.6,4-7-19
289,1554664331121,-2.858,5.64,7.558,4-7-19
290,1554664331140,-2.576,5.891,7.667,4-7-19
291,1554664331162,-2.91,5.927,7.639,4-7-19
292,1554664331180,-3.069,5.908,7.622,4-7-19
293,1554664331200,-3.339,5.747,7.503,4-7-19
294,1554664331221,-3.349,5.758,7.312,4-7-19
295,1554664331244,-3.2,5.707,7.102,4-7-19
296,1554664331262,-3.11,5.767,7.303,4-7-19
297,1554664331286,-3.092,5.587,7.928,4-7-19
298,1554664331303,-3.112,5.533,7.897,4-7-19
299,1554664331324,-2.767,5.749,8.099,4-7-19
300,1554664331344,-2.85,5.665,8.074,4-7-19
301,1554664331365,-3.121,5.58,7.501,4-7-19
302,1554664331384,-3.433,5.583,7.068,4-7-19
303,1554664331405,-3.506,5.734,7.02,4-7-19
304,1554664331436,-3.094,5.827,7.128,4-7-19
305,1554664331457,-2.886,5.822,7.107,4-7-19
306,1554664331477,-3.012,5.968,6.953,4-7-19
307,1554664331496,-3.095,5.988,7.165,4-7-19
308,1554664331516,-3.074,5.868,7.71,4-7-19
309,1554664331535,-2.863,5.919,7.536,4-7-19
310,1554664331558,-2.613,5.981,7.16,4-7-19
311,1554664331581,-2.588,5.981,7.033,4-7-19
312,1554664331599,-2.762,5.958,7.311,4-7-19
313,1554664331620,-2.816,5.865,7.397,4-7-19
314,1554664331638,-3.026,5.744,7.243,4-7-19
315,1554664331657,-3.153,5.658,7.18,4-7-19
316,1554664331680,-3.324,5.648,7.404,4-7-19
317,1554664331699,-3.479,5.629,7.295,4-7-19
318,1554664331718,-3.461,5.67,7.234,4-7-19
319,1554664331739,-3.312,5.55,7.665,4-7-19
320,1554664331753,-3.271,5.337,8.22,4-7-19
321,1554664331771,-3.267,5.149,8.212,4-7-19
322,1554664331798,-3,5.537,7.961,4-7-19
323,1554664331812,-3.136,5.678,7.982,4-7-19
324,1554664331831,-3.14,5.367,8.305,4-7-19
325,1554664331853,-3.384,5.137,8.358,4-7-19
326,1554664331872,-3.872,3.983,7.246,4-7-19
327,1554664331893,-3.746,2.799,6.799,4-7-19
328,1554664331914,-4.323,5.474,6.181,4-7-19
329,1554664331932,-2.946,7.718,6.577,4-7-19
330,1554664331951,-1.773,8.499,7.358,4-7-19
331,1554664331973,-1.468,7.39,7.48,4-7-19
332,1554664331995,-2.374,6.5,6.687,4-7-19
333,1554664332014,-3.713,6.712,6.259,4-7-19
334,1554664332033,-4.153,6.661,6.464,4-7-19
335,1554664332053,-3.116,6.24,6.748,4-7-19
336,1554664332476,0.471,6.039,8.301,4-7-19
337,1554664332680,0.485,5.092,7.885,4-7-19
338,1554664332882,-0.082,3.406,9.264,4-7-19
339,1554664333085,-0.403,3.56,9.052,4-7-19
340,1554664333291,-1.18,2.359,9.969,4-7-19
341,1554664333491,1.014,0.965,8.867,4-7-19
342,1554664333694,1.913,-0.39,9.824,4-7-19
343,1554664333899,0.224,0.335,9.818,4-7-19
344,1554664334108,-0.096,0.212,9.823,4-7-19
345,1554664334312,-0.042,0.225,9.817,4-7-19
346,1554664334536,-0.043,0.225,9.819,4-7-19
347,1554664334732,-0.044,0.225,9.82,4-7-19
348,1554664334932,-0.04,0.228,9.823,4-7-19
349,1554664335136,-0.039,0.229,9.823,4-7-19
350,1554664335346,-0.043,0.229,9.817,4-7-19
351,1554664335549,-0.04,0.228,9.815,4-7-19
352,1554664335751,-0.041,0.227,9.822,4-7-19
353,1554664335954,-0.044,0.225,9.812,4-7-19
354,1554664336127,-0.039,0.229,9.822,4-7-19
355,1554664336330,-0.041,0.228,9.815,4-7-19
356,1554664336533,-0.049,0.23,9.823,4-7-19
357,1554664336736,-0.044,0.219,9.82,4-7-19
358,1554664336938,-0.044,0.229,9.824,4-7-19
359,1554664337140,-0.045,0.228,9.82,4-7-19
360,1554664337343,-0.041,0.224,9.822,4-7-19
361,1554664337548,-0.039,0.225,9.821,4-7-19
362,1554664337750,-0.039,0.227,9.82,4-7-19
363,1554664337955,-0.043,0.226,9.82,4-7-19
364,1554664338155,-0.041,0.227,9.818,4-7-19
365,1554664338358,-0.042,0.228,9.822,4-7-19
366,1554664338562,-0.045,0.223,9.822,4-7-19
367,1554664338764,-0.043,0.226,9.82,4-7-19
368,1554664338975,-0.043,0.223,9.824,4-7-19
369,1554664339174,-0.043,0.219,9.82,4-7-19
370,1554664339372,-0.046,0.221,9.82,4-7-19
371,1554664339578,-0.046,0.229,9.826,4-7-19
372,1554664339781,-0.046,0.223,9.821,4-7-19
373,1554664339986,-0.041,0.225,9.819,4-7-19
374,1554664340183,-0.045,0.221,9.821,4-7-19
375,1554664340388,-0.039,0.22,9.822,4-7-19
376,1554664340591,-0.045,0.218,9.817,4-7-19
377,1554664340795,-0.048,0.224,9.816,4-7-19
378,1554664341001,-0.048,0.229,9.82,4-7-19
379,1554664341199,-0.047,0.222,9.815,4-7-19
380,1554664341402,-0.043,0.224,9.824,4-7-19
381,1554664341610,-0.039,0.218,9.821,4-7-19
382,1554664341807,-0.049,0.225,9.825,4-7-19
383,1554664342012,-0.044,0.22,9.822,4-7-19
384,1554664342212,-0.04,0.219,9.822,4-7-19
385,1554664342418,-0.052,0.217,9.822,4-7-19
386,1554664342621,-0.047,0.218,9.825,4-7-19
387,1554664342819,-0.054,0.223,9.821,4-7-19
388,1554664343023,-0.043,0.227,9.817,4-7-19
389,1554664343225,-0.046,0.224,9.814,4-7-19
390,1554664343429,-0.04,0.229,9.819,4-7-19
391,1554664343637,-0.044,0.222,9.82,4-7-19
392,1554664343834,-0.051,0.219,9.816,4-7-19
393,1554664344037,-0.051,0.229,9.82,4-7-19
394,1554664344245,-0.044,0.221,9.814,4-7-19
395,1554664344444,-0.055,0.231,9.821,4-7-19
396,1554664344645,-0.047,0.227,9.818,4-7-19
397,1554664344845,-0.046,0.227,9.822,4-7-19
398,1554664345047,-0.045,0.221,9.819,4-7-19
399,1554664345252,-0.052,0.223,9.82,4-7-19
400,1554664345455,-0.05,0.222,9.822,4-7-19
401,1554664345662,-0.048,0.225,9.82,4-7-19
402,1554664345858,-0.054,0.222,9.818,4-7-19
403,1554664346062,-0.052,0.223,9.821,4-7-19
404,1554664346269,-0.047,0.229,9.822,4-7-19
405,1554664346474,-0.05,0.226,9.818,4-7-19
406,1554664346671,-0.05,0.223,9.816,4-7-19
407,1554664346880,-0.048,0.223,9.825,4-7-19
408,1554664347075,-0.045,0.224,9.824,4-7-19
409,1554664347279,-0.047,0.226,9.812,4-7-19
410,1554664347482,-0.048,0.224,9.823,4-7-19
411,1554664347685,-0.05,0.225,9.821,4-7-19
412,1554664347887,-0.054,0.217,9.817,4-7-19
413,1554664348090,-0.05,0.225,9.826,4-7-19
414,1554664348297,-0.051,0.222,9.813,4-7-19
415,1554664348496,-0.052,0.221,9.822,4-7-19
416,1554664348705,-0.053,0.223,9.818,4-7-19
417,1554664348905,-0.047,0.22,9.809,4-7-19
418,1554664349105,-0.047,0.215,9.816,4-7-19
419,1554664349313,-0.048,0.217,9.821,4-7-19
420,1554664349517,-0.053,0.219,9.824,4-7-19
421,1554664349715,-0.05,0.225,9.823,4-7-19
422,1554664349916,-0.05,0.219,9.817,4-7-19
423,1554664350117,-0.05,0.222,9.824,4-7-19
424,1554664350327,-0.054,0.223,9.82,4-7-19
425,1554664350526,-0.052,0.22,9.819,4-7-19
426,1554664350733,-0.057,0.221,9.817,4-7-19
427,1554664350937,-0.052,0.223,9.814,4-7-19
428,1554664351130,-0.051,0.225,9.821,4-7-19
429,1554664351333,-0.054,0.221,9.815,4-7-19
430,1554664351536,-0.048,0.218,9.819,4-7-19
431,1554664351742,-0.049,0.223,9.817,4-7-19
432,1554664351943,-0.055,0.221,9.811,4-7-19
433,1554664352148,-0.047,0.218,9.817,4-7-19
434,1554664352346,-0.051,0.222,9.817,4-7-19
435,1554664352549,-0.055,0.222,9.816,4-7-19
436,1554664352752,-0.05,0.223,9.821,4-7-19
437,1554664352954,-0.049,0.222,9.818,4-7-19
438,1554664353157,-0.056,0.22,9.815,4-7-19
439,1554664353368,-0.052,0.226,9.816,4-7-19
440,1554664353570,-0.052,0.222,9.821,4-7-19
441,1554664353770,-0.058,0.225,9.82,4-7-19
442,1554664353971,-0.059,0.227,9.815,4-7-19
443,1554664354173,-0.052,0.222,9.811,4-7-19
444,1554664354374,-0.053,0.22,9.815,4-7-19
445,1554664354576,-0.052,0.224,9.817,4-7-19
446,1554664354778,-0.05,0.224,9.818,4-7-19
447,1554664354982,-0.053,0.222,9.824,4-7-19
448,1554664355184,-0.052,0.216,9.809,4-7-19
449,1554664355388,-0.054,0.224,9.817,4-7-19
450,1554664355590,-0.052,0.22,9.818,4-7-19
451,1554664355792,-0.052,0.228,9.817,4-7-19
452,1554664355995,-0.05,0.218,9.819,4-7-19
453,1554664356196,-0.051,0.214,9.813,4-7-19
454,1554664356403,-0.05,0.22,9.814,4-7-19
455,1554664356609,-0.05,0.219,9.818,4-7-19
456,1554664356808,-0.051,0.22,9.818,4-7-19
457,1554664357013,-0.052,0.221,9.817,4-7-19
458,1554664357218,-0.05,0.222,9.815,4-7-19
459,1554664357418,-0.046,0.217,9.815,4-7-19
460,1554664357622,-0.052,0.22,9.816,4-7-19
461,1554664357829,-0.057,0.217,9.817,4-7-19
462,1554664358032,-0.052,0.218,9.812,4-7-19
463,1554664358226,-0.054,0.224,9.809,4-7-19
464,1554664358439,-0.05,0.223,9.811,4-7-19
465,1554664358632,-0.05,0.216,9.816,4-7-19
466,1554664358834,-0.058,0.222,9.819,4-7-19
467,1554664359040,-0.051,0.222,9.813,4-7-19
468,1554664359243,-0.049,0.221,9.818,4-7-19
469,1554664359445,-0.054,0.222,9.817,4-7-19
470,1554664359649,-0.053,0.222,9.816,4-7-19
471,1554664359852,-0.052,0.221,9.813,4-7-19
472,1554664360058,-0.053,0.22,9.806,4-7-19
473,1554664360259,-0.049,0.218,9.807,4-7-19
474,1554664360463,-0.051,0.221,9.813,4-7-19
475,1554664360668,-0.054,0.22,9.818,4-7-19
476,1554664360864,-0.056,0.222,9.815,4-7-19
477,1554664361073,-0.056,0.22,9.81,4-7-19
478,1554664361275,-0.054,0.219,9.815,4-7-19
479,1554664361469,-0.059,0.216,9.809,4-7-19
480,1554664361677,-0.056,0.224,9.816,4-7-19
481,1554664361874,-0.053,0.22,9.81,4-7-19
482,1554664362080,-0.051,0.222,9.813,4-7-19
483,1554664362284,-0.051,0.219,9.813,4-7-19
484,1554664362491,-0.055,0.219,9.812,4-7-19
485,1554664362690,-0.054,0.218,9.816,4-7-19
486,1554664362892,-0.05,0.223,9.816,4-7-19
487,1554664363092,-0.052,0.218,9.822,4-7-19
488,1554664363297,-0.05,0.221,9.813,4-7-19
489,1554664363499,-0.053,0.216,9.815,4-7-19
490,1554664363708,-0.055,0.219,9.817,4-7-19
491,1554664363908,-0.051,0.218,9.816,4-7-19
492,1554664364112,-0.053,0.219,9.817,4-7-19
493,1554664364318,-0.056,0.215,9.818,4-7-19
494,1554664364516,-0.054,0.22,9.82,4-7-19
495,1554664364718,-0.05,0.22,9.818,4-7-19
496,1554664364920,-0.053,0.224,9.814,4-7-19
497,1554664365120,-0.059,0.222,9.813,4-7-19
498,1554664365323,-0.057,0.216,9.816,4-7-19
499,1554664365528,-0.053,0.216,9.82,4-7-19
500,1554664365737,-0.056,0.219,9.819,4-7-19
501,1554664365932,-0.053,0.22,9.812,4-7-19
502,1554664366135,-0.053,0.221,9.815,4-7-19
503,1554664366340,-0.054,0.222,9.811,4-7-19
504,1554664366542,-0.051,0.22,9.811,4-7-19
505,1554664366749,-0.055,0.222,9.813,4-7-19
506,1554664366945,-0.055,0.222,9.81,4-7-19
507,1554664367148,-0.047,0.22,9.814,4-7-19
508,1554664367357,-0.06,0.224,9.819,4-7-19
509,1554664367559,-0.053,0.219,9.822,4-7-19
510,1554664367762,-0.056,0.226,9.806,4-7-19
511,1554664367963,-0.055,0.22,9.813,4-7-19
512,1554664368160,-0.055,0.216,9.814,4-7-19
513,1554664368367,-0.053,0.225,9.81,4-7-19
514,1554664368570,-0.04,0.204,9.809,4-7-19
515,1554664368773,-0.056,0.225,9.816,4-7-19
516,1554664368973,-0.057,0.225,9.815,4-7-19
517,1554664369175,-0.053,0.218,9.816,4-7-19
518,1554664369379,-0.052,0.223,9.815,4-7-19
519,1554664369585,-0.054,0.221,9.814,4-7-19
520,1554664369792,-0.058,0.214,9.812,4-7-19
521,1554664369987,-0.051,0.217,9.813,4-7-19
522,1554664370186,-0.055,0.217,9.813,4-7-19
523,1554664370397,-0.056,0.22,9.814,4-7-19
524,1554664370596,-0.057,0.218,9.813,4-7-19
525,1554664370796,-0.052,0.214,9.812,4-7-19
526,1554664371002,-0.055,0.218,9.813,4-7-19
527,1554664371207,-0.053,0.215,9.813,4-7-19
528,1554664371403,-0.056,0.217,9.818,4-7-19
529,1554664371609,-0.052,0.222,9.811,4-7-19
530,1554664371811,-0.05,0.222,9.812,4-7-19
531,1554664372010,-0.055,0.214,9.815,4-7-19
532,1554664372220,-0.055,0.217,9.811,4-7-19
533,1554664372425,-0.057,0.215,9.81,4-7-19
534,1554664372625,-0.059,0.221,9.813,4-7-19
535,1554664372824,-0.056,0.218,9.807,4-7-19
536,1554664373033,-0.058,0.217,9.812,4-7-19
537,1554664373231,-0.055,0.22,9.81,4-7-19
538,1554664373442,-0.056,0.211,9.812,4-7-19
539,1554664373642,-0.054,0.212,9.811,4-7-19
540,1554664373844,-0.054,0.218,9.817,4-7-19
541,1554664374044,-0.057,0.211,9.812,4-7-19
542,1554664374246,-0.06,0.214,9.814,4-7-19
543,1554664374448,-0.054,0.218,9.813,4-7-19
544,1554664374653,-0.057,0.215,9.812,4-7-19
545,1554664374854,-0.055,0.218,9.814,4-7-19
546,1554664375055,-0.06,0.219,9.816,4-7-19
547,1554664375259,-0.055,0.217,9.814,4-7-19
548,1554664375465,-0.055,0.217,9.816,4-7-19
549,1554664375669,-0.059,0.216,9.818,4-7-19
550,1554664375870,-0.051,0.218,9.811,4-7-19
551,1554664376074,-0.054,0.219,9.813,4-7-19
552,1554664376275,-0.056,0.215,9.816,4-7-19
553,1554664376476,-0.055,0.216,9.81,4-7-19
554,1554664376678,-0.056,0.216,9.806,4-7-19
555,1554664376883,-0.06,0.217,9.811,4-7-19
556,1554664377085,-0.055,0.216,9.811,4-7-19
557,1554664377281,-0.058,0.214,9.814,4-7-19
558,1554664377486,-0.059,0.216,9.816,4-7-19
559,1554664377692,-0.061,0.219,9.813,4-7-19
560,1554664377894,-0.057,0.217,9.811,4-7-19
561,1554664378097,-0.054,0.212,9.805,4-7-19
562,1554664378302,-0.057,0.221,9.808,4-7-19
563,1554664378501,-0.056,0.213,9.818,4-7-19
564,1554664378705,-0.054,0.214,9.813,4-7-19
565,1554664378909,-0.059,0.216,9.81,4-7-19
566,1554664379112,-0.054,0.21,9.821,4-7-19
567,1554664379317,-0.057,0.214,9.813,4-7-19
568,1554664379517,-0.06,0.22,9.816,4-7-19
569,1554664379721,-0.059,0.214,9.813,4-7-19
570,1554664379919,-0.057,0.215,9.812,4-7-19
571,1554664380121,-0.054,0.209,9.812,4-7-19
572,1554664380325,-0.056,0.213,9.808,4-7-19
573,1554664380529,-0.06,0.213,9.81,4-7-19
574,1554664380729,-0.056,0.21,9.809,4-7-19
575,1554664380934,-0.061,0.21,9.815,4-7-19
576,1554664381138,-0.06,0.214,9.816,4-7-19
577,1554664381343,-0.059,0.213,9.805,4-7-19
578,1554664381543,-0.057,0.214,9.811,4-7-19
579,1554664381750,-0.054,0.212,9.81,4-7-19
580,1554664381944,-0.057,0.211,9.812,4-7-19
581,1554664382159,-0.053,0.211,9.809,4-7-19
582,1554664382354,-0.056,0.211,9.81,4-7-19
583,1554664382561,-0.055,0.212,9.805,4-7-19
584,1554664382763,-0.053,0.211,9.813,4-7-19
585,1554664382965,-0.058,0.216,9.811,4-7-19
586,1554664383161,-0.06,0.211,9.806,4-7-19
587,1554664383371,-0.062,0.212,9.818,4-7-19
588,1554664383569,-0.056,0.212,9.807,4-7-19
589,1554664383773,-0.06,0.208,9.813,4-7-19
590,1554664383976,-0.06,0.22,9.811,4-7-19
591,1554664384177,-0.062,0.215,9.811,4-7-19
592,1554664384380,-0.06,0.21,9.812,4-7-19
593,1554664384588,-0.052,0.211,9.807,4-7-19
594,1554664384791,-0.061,0.214,9.812,4-7-19
595,1554664384995,-0.062,0.21,9.81,4-7-19
596,1554664385190,-0.06,0.208,9.813,4-7-19
597,1554664385397,-0.056,0.207,9.81,4-7-19
598,1554664385598,-0.056,0.21,9.806,4-7-19
599,1554664385800,-0.055,0.211,9.808,4-7-19
600,1554664386000,-0.058,0.211,9.811,4-7-19
601,1554664386205,-0.056,0.209,9.812,4-7-19
602,1554664386404,-0.056,0.211,9.81,4-7-19
603,1554664386606,-0.057,0.209,9.813,4-7-19
604,1554664386814,-0.06,0.212,9.808,4-7-19
605,1554664387015,-0.059,0.209,9.807,4-7-19
606,1554664387219,-0.058,0.207,9.812,4-7-19
607,1554664387422,-0.053,0.208,9.815,4-7-19
608,1554664387629,-0.054,0.214,9.812,4-7-19
609,1554664387832,-0.061,0.212,9.816,4-7-19
610,1554664388028,-0.052,0.216,9.809,4-7-19
611,1554664475537,-0.418,7.539,6.592,4-7-19
612,1554664475739,-0.308,7.714,6.201,4-7-19
613,1554664475945,-0.147,8.022,5.824,4-7-19
614,1554664476147,-0.279,8.12,5.79,4-7-19
615,1554664476352,-0.174,8.135,5.643,4-7-19
616,1554664476553,-0.219,8.177,5.553,4-7-19
617,1554664476755,-0.153,8.184,5.505,4-7-19
618,1554664476958,-0.206,8.211,5.494,4-7-19
619,1554664477160,-0.173,8.172,5.594,4-7-19
620,1554664477365,-0.229,8.219,5.561,4-7-19
621,1554664477567,-0.218,8.206,5.55,4-7-19
622,1554664477770,-0.255,8.211,5.669,4-7-19
623,1554664477976,-0.234,8.2,5.533,4-7-19
624,1554664478175,-0.173,8.235,5.737,4-7-19
625,1554664478377,-0.205,8.214,5.508,4-7-19
626,1554664478588,-0.178,8.243,5.77,4-7-19
627,1554664478789,-0.189,8.178,5.451,4-7-19
628,1554664478988,-0.203,8.216,5.69,4-7-19
629,1554664479190,-0.224,8.2,5.44,4-7-19
630,1554664479393,-0.194,8.227,5.57,4-7-19
631,1554664479595,-0.26,8.254,5.411,4-7-19
632,1554664479802,-0.205,8.275,5.447,4-7-19
633,1554664480004,-0.227,8.282,5.455,4-7-19
634,1554664480210,-0.202,8.304,5.47,4-7-19
635,1554664480405,-0.178,8.292,5.581,4-7-19
636,1554664480614,-0.223,8.296,5.446,4-7-19
637,1554664480812,-0.163,8.301,5.622,4-7-19
638,1554664481013,-0.188,8.277,5.416,4-7-19
639,1554664481216,-0.166,8.282,5.594,4-7-19
640,1554664481416,-0.176,8.246,5.396,4-7-19
641,1554664481625,-0.145,8.242,5.5,4-7-19
642,1554664481831,-0.178,8.257,5.402,4-7-19
643,1554664482027,-0.136,8.268,5.51,4-7-19
644,1554664482230,-0.172,8.256,5.49,4-7-19
645,1554664482435,-0.174,8.265,5.514,4-7-19
646,1554664482640,-0.152,8.274,5.632,4-7-19
647,1554664482843,-0.19,8.264,5.47,4-7-19
648,1554664483046,-0.134,8.272,5.677,4-7-19
649,1554664483250,-0.135,8.247,5.464,4-7-19
650,1554664483454,-0.134,8.254,5.571,4-7-19
651,1554664483651,-0.154,8.236,5.403,4-7-19
652,1554664483860,-0.115,8.24,5.497,4-7-19
653,1554664484061,-0.104,8.164,5.57,4-7-19
654,1554664484259,-0.056,8.142,5.748,4-7-19
655,1554664484468,-0.262,8.264,5.692,4-7-19
656,1554664484668,0.739,7.636,6.266,4-7-19
657,1554664484870,0.636,7.655,6.227,4-7-19
658,1554664485072,0.715,7.936,5.972,4-7-19
659,1554664485272,1.279,7.605,6.15,4-7-19
660,1554664485476,1.141,7.815,6.068,4-7-19
661,1554664485679,1.117,7.769,5.984,4-7-19
662,1554664485882,1.131,7.808,6.037,4-7-19
663,1554664486085,1.026,7.702,6.029,4-7-19
664,1554664486286,1.454,7.617,6.58,4-7-19
665,1554664486485,0.947,7.689,6.029,4-7-19
666,1554664486691,0.663,7.879,6.143,4-7-19
667,1554664486893,0.613,7.987,5.82,4-7-19
668,1554664487098,0.596,8.028,5.888,4-7-19
669,1554664487301,0.597,8.027,5.75,4-7-19
670,1554664487500,0.632,7.999,5.805,4-7-19
671,1554664487708,0.506,8.027,5.73,4-7-19
672,1554664487912,0.533,8.045,5.866,4-7-19
673,1554664488111,0.548,8.009,5.85,4-7-19
674,1554664488316,0.56,8.053,5.858,4-7-19
675,1554664488517,0.587,8.033,5.918,4-7-19
676,1554664488718,0.573,8.041,5.78,4-7-19
677,1554664488921,0.578,8.037,5.828,4-7-19
678,1554664489125,0.531,8.048,5.72,4-7-19
679,1554664489327,0.541,8.039,5.738,4-7-19
680,1554664489526,0.534,8.049,5.761,4-7-19
681,1554664489735,0.525,8.075,5.75,4-7-19
682,1554664489937,0.556,8.052,5.872,4-7-19
683,1554664490136,0.507,8.09,5.779,4-7-19
684,1554664490346,0.57,8.067,5.87,4-7-19
685,1554664490560,0.569,8.087,5.668,4-7-19
686,1554664490775,0.871,7.627,5.596,4-7-19
687,1554664490987,2.884,5.505,7.906,4-7-19
688,1554664491166,2.078,5.068,8.081,4-7-19
689,1554664491369,-0.613,6.061,7.684,4-7-19
690,1554664491578,-1.116,5.641,8.183,4-7-19
691,1554664491778,-2.15,5.553,8.208,4-7-19
692,1554664491985,-2.308,5.426,8.031,4-7-19
693,1554664492183,-1.935,5.204,8.222,4-7-19
694,1554664492390,-2.261,5.141,8.122,4-7-19
695,1554664492592,-1.909,4.798,8.472,4-7-19
696,1554664492795,-1.599,5.384,8.227,4-7-19
697,1554664492993,-1.973,5.09,8.3,4-7-19
698,1554664493205,-1.311,5.297,8.28,4-7-19
699,1554664493406,-1.599,5.255,7.806,4-7-19
700,1554664493608,2.419,1.374,12.8,4-7-19
701,1554664493806,2.061,1.425,9.178,4-7-19
702,1554664494010,1.646,1.7,7.082,4-7-19
703,1554664494209,1.262,0.696,10.359,4-7-19
704,1554664494416,-2.888,1.231,8.547,4-7-19
705,1554664494619,-2.812,1.598,8.336,4-7-19
706,1554664494816,-1.19,2.471,13.004,4-7-19
707,1554664495023,-2.195,0.998,11.378,4-7-19
708,1554664495228,1.839,1.467,8.064,4-7-19
709,1554664495430,2.673,1.302,9.925,4-7-19
710,1554664495634,3.669,-1.117,7.686,4-7-19
711,1554664495836,4.089,-3.029,7.661,4-7-19
712,1554664496037,0.681,-3.593,12.527,4-7-19
713,1554664496242,-2.933,-2.616,9.36,4-7-19
714,1554664496447,-0.696,-0.165,8.088,4-7-19
715,1554664496646,-3.106,1.787,7.682,4-7-19
716,1554664496849,-9.02,-1.129,8.562,4-7-19
717,1554664497056,-8.429,-2.198,4.2,4-7-19
718,1554664497259,-8.013,-3.036,4.302,4-7-19
719,1554664497456,-8.642,-3.824,2.889,4-7-19
720,1554664497657,-8.397,-3.686,3.387,4-7-19
721,1554664497866,-8.373,-3.167,3.524,4-7-19
722,1554664498069,-7.999,-3.999,3.199,4-7-19
723,1554664498264,-9.13,-4.284,4.019,4-7-19
724,1554664498469,-7.596,-3.803,4.16,4-7-19
725,1554664498673,-7.518,-3.311,4.368,4-7-19
726,1554664498879,-9.766,-3.971,4.321,4-7-19
727,1554664499082,-8.25,-2.068,5.164,4-7-19
728,1554664499284,-8.127,0.63,7.456,4-7-19
729,1554664499482,-2.793,0.387,7.77,4-7-19
730,1554664499691,-0.018,2.145,8.098,4-7-19
731,1554664499885,1.985,-3.537,9.999,4-7-19
732,1554664500091,0.539,-1.811,10.469,4-7-19
733,1554664500294,1.319,-0.174,9.728,4-7-19
734,1554664500497,1.132,0.991,8.979,4-7-19
735,1554664500696,-0.279,1.639,9.512,4-7-19
736,1554664500907,-1.606,1.692,9.262,4-7-19
737,1554664501101,-1.433,0.705,10.339,4-7-19
738,1554664501304,-1.665,0.139,8.411,4-7-19
739,1554664501510,-3.104,-0.765,7.744,4-7-19
740,1554664501711,-1.138,-2.714,6.146,4-7-19
741,1554664501912,4.424,-9.795,6.421,4-7-19
742,1554664502093,5.558,-10.603,7.414,4-7-19
743,1554664502415,5.599,-4.094,6.073,4-7-19
744,1554664502620,0.062,0.119,11.696,4-7-19
745,1554664502820,0.276,0.001,9.782,4-7-19
746,1554664503024,0.305,-0.009,9.77,4-7-19
747,1554664503226,0.307,-0.003,9.767,4-7-19
748,1554664503431,0.298,-0.003,9.768,4-7-19
749,1554664503635,0.301,-0.002,9.763,4-7-19
750,1554664503834,0.291,-0.002,9.735,4-7-19
751,1554664504037,0.314,-0.001,9.79,4-7-19
752,1554664504241,0.302,-0.003,9.767,4-7-19
753,1554664504442,0.302,-0.005,9.77,4-7-19
754,1554664504645,0.307,-0.003,9.769,4-7-19
755,1554664504850,0.302,-0.005,9.769,4-7-19
756,1554664505051,0.305,-0.005,9.774,4-7-19
757,1554664505254,0.306,-0.001,9.765,4-7-19
758,1554664505456,0.298,-0.002,9.759,4-7-19
759,1554664505662,0.306,0.002,9.767,4-7-19
760,1554664505862,0.301,-0.002,9.775,4-7-19
761,1554664506064,0.3,-0.001,9.773,4-7-19
762,1554664506267,0.302,0.002,9.776,4-7-19
763,1554664506470,0.31,-0.001,9.772,4-7-19
764,1554664506672,0.305,0.005,9.773,4-7-19
765,1554664506877,0.302,0.007,9.771,4-7-19
766,1554664507082,0.305,-0.002,9.78,4-7-19
767,1554664507283,0.307,0.002,9.779,4-7-19
768,1554664507484,0.31,0.002,9.778,4-7-19
769,1554664507929,0.304,0.007,9.776,4-7-19
770,1554664508133,0.309,0.005,9.778,4-7-19
771,1554664508336,0.313,0.01,9.774,4-7-19
772,1554664508538,0.31,0.004,9.78,4-7-19
773,1554664508752,0.305,0.006,9.779,4-7-19
774,1554664508948,0.301,0.008,9.777,4-7-19
775,1554664509150,0.302,0.01,9.776,4-7-19
776,1554664509354,0.31,0.006,9.772,4-7-19
777,1554664509555,0.305,0.014,9.776,4-7-19
778,1554664509764,0.302,0.011,9.776,4-7-19
779,1554664509964,0.308,0.01,9.775,4-7-19
780,1554664510169,0.308,0.006,9.771,4-7-19
781,1554664510369,0.308,0.008,9.781,4-7-19
782,1554664510570,0.305,0.011,9.778,4-7-19
783,1554664510775,0.308,0.009,9.784,4-7-19
784,1554664510973,0.302,0.011,9.78,4-7-19
785,1554664511180,0.307,0.006,9.779,4-7-19
786,1554664511381,0.303,0.005,9.785,4-7-19
787,1554664511581,0.313,0.01,9.786,4-7-19
788,1554664511792,0.308,0.013,9.786,4-7-19
789,1554664511989,0.308,0.011,9.785,4-7-19
790,1554664512194,0.306,0.01,9.788,4-7-19
791,1554664512393,0.304,0.017,9.783,4-7-19
792,1554664512601,0.31,0.015,9.783,4-7-19
793,1554664512801,0.311,0.013,9.788,4-7-19
794,1554664513002,0.306,0.014,9.793,4-7-19
795,1554664513206,0.308,0.012,9.792,4-7-19
796,1554664513409,0.309,0.018,9.789,4-7-19
797,1554664513611,0.306,0.013,9.795,4-7-19
798,1554664513820,0.308,0.009,9.797,4-7-19
799,1554664514015,0.304,0.012,9.787,4-7-19
800,1554664514219,0.313,0.013,9.791,4-7-19
801,1554664514419,0.306,0.017,9.788,4-7-19
802,1554664514625,0.306,0.011,9.789,4-7-19
803,1554664514834,0.306,0.015,9.79,4-7-19
804,1554664515031,0.305,0.011,9.787,4-7-19
805,1554664515232,0.308,0.013,9.796,4-7-19
806,1554664515438,0.307,0.019,9.792,4-7-19
807,1554664515637,0.311,0.017,9.792,4-7-19
808,1554664515841,0.308,0.013,9.797,4-7-19
809,1554664516044,0.308,0.018,9.793,4-7-19
810,1554664516249,0.312,0.016,9.79,4-7-19
811,1554664516450,0.304,0.016,9.794,4-7-19
812,1554664516653,0.309,0.018,9.796,4-7-19
813,1554664516855,0.304,0.014,9.794,4-7-19
814,1554664517064,0.306,0.014,9.799,4-7-19
815,1554664517259,0.308,0.018,9.794,4-7-19
816,1554664517588,0.305,0.013,9.794,4-7-19
817,1554664517683,0.309,0.013,9.795,4-7-19
818,1554664517865,0.3,0.013,9.802,4-7-19
819,1554664518069,0.305,0.015,9.794,4-7-19
820,1554664518279,0.308,0.011,9.795,4-7-19
821,1554664518476,0.309,0.013,9.801,4-7-19
822,1554664518681,0.313,0.015,9.799,4-7-19
823,1554664518882,0.301,0.015,9.789,4-7-19
824,1554664519084,0.303,0.016,9.795,4-7-19
825,1554664519291,0.3,0.012,9.8,4-7-19
826,1554664519490,0.305,0.012,9.802,4-7-19
827,1554664519696,0.308,0.014,9.794,4-7-19
828,1554664519902,0.306,0.016,9.796,4-7-19
829,1554664520102,0.307,0.018,9.798,4-7-19
830,1554664520303,0.306,0.017,9.807,4-7-19
831,1554664520503,0.31,0.016,9.797,4-7-19
832,1554664520706,0.305,0.018,9.799,4-7-19
833,1554664520906,0.308,0.016,9.799,4-7-19
834,1554664521112,0.304,0.013,9.802,4-7-19
835,1554664521313,0.305,0.016,9.797,4-7-19
836,1554664521519,0.307,0.015,9.801,4-7-19
837,1554664521722,0.306,0.012,9.801,4-7-19
838,1554664521924,0.306,0.013,9.798,4-7-19
839,1554664522124,0.304,0.018,9.802,4-7-19
840,1554664522325,0.309,0.02,9.801,4-7-19
841,1554664522530,0.306,0.015,9.8,4-7-19
842,1554664522739,0.304,0.016,9.799,4-7-19
843,1554664522941,0.308,0.011,9.797,4-7-19
844,1554664523139,0.303,0.013,9.795,4-7-19
845,1554664523345,0.309,0.014,9.794,4-7-19
846,1554664523547,0.308,0.017,9.8,4-7-19
847,1554664523749,0.296,0.012,9.796,4-7-19
848,1554664523956,0.306,0.016,9.799,4-7-19
849,1554664524156,0.305,0.018,9.798,4-7-19
850,1554664524354,0.31,0.013,9.799,4-7-19
851,1554664524557,0.307,0.014,9.794,4-7-19
852,1554664524760,0.307,0.016,9.798,4-7-19
853,1554664524980,0.307,0.018,9.799,4-7-19
854,1554664525183,0.306,0.012,9.803,4-7-19
855,1554664525388,0.308,0.018,9.799,4-7-19
856,1554664525589,0.308,0.019,9.801,4-7-19
857,1554664525791,0.309,0.017,9.801,4-7-19
858,1554664525995,0.302,0.009,9.801,4-7-19
859,1554664526198,0.31,0.015,9.798,4-7-19
860,1554664526400,0.308,0.016,9.803,4-7-19
861,1554664526604,0.302,0.016,9.799,4-7-19
862,1554664526806,0.31,0.019,9.795,4-7-19
863,1554664527012,0.302,0.023,9.8,4-7-19
864,1554664527213,0.301,0.017,9.799,4-7-19
865,1554664527420,0.303,0.015,9.8,4-7-19
866,1554664527620,0.307,0.018,9.801,4-7-19
867,1554664527821,0.31,0.017,9.8,4-7-19
868,1554664528024,0.303,0.014,9.797,4-7-19
869,1554664528230,0.305,0.017,9.802,4-7-19
870,1554664528434,0.301,0.015,9.8,4-7-19
871,1554664528634,0.305,0.011,9.792,4-7-19
872,1554664528835,0.307,0.019,9.801,4-7-19
873,1554664529038,0.302,0.013,9.798,4-7-19
874,1554664529243,0.309,0.015,9.789,4-7-19
875,1554664529441,0.305,0.014,9.8,4-7-19
876,1554664529644,0.304,0.02,9.792,4-7-19
877,1554664529849,0.307,0.019,9.798,4-7-19
878,1554664530029,0.306,0.012,9.795,4-7-19
879,1554664530236,0.305,0.013,9.795,4-7-19
880,1554664530437,0.302,0.017,9.799,4-7-19
881,1554664530637,0.303,0.019,9.797,4-7-19
882,1554664530846,0.308,0.016,9.801,4-7-19
883,1554664531044,0.3,0.013,9.8,4-7-19
884,1554664531247,0.309,0.02,9.797,4-7-19
885,1554664531451,0.296,0.011,9.782,4-7-19
886,1554664531653,0.31,0.019,9.813,4-7-19
887,1554664531858,0.31,0.018,9.796,4-7-19
888,1554664532059,0.332,0.031,9.82,4-7-19
889,1554664532262,0.268,0.007,9.777,4-7-19
890,1554664532600,0.314,0.046,9.801,4-7-19
891,1554664532812,0.282,0.032,9.791,4-7-19
892,1554664533004,0.274,0.023,9.798,4-7-19
893,1554664533222,0.396,0.052,9.855,4-7-19
894,1554664533419,-5.897,-1.854,8.68,4-7-19
895,1554664533608,-9.971,-4.488,5.042,4-7-19
896,1554664533815,-7.753,-1.737,5.045,4-7-19
897,1554664534020,-8.635,-2.036,2.943,4-7-19
898,1554664534232,-9.889,-1.645,3.001,4-7-19
899,1554664534438,-8.267,-5.074,5.965,4-7-19
900,1554664534618,-4.837,1.662,6.363,4-7-19
901,1554664534820,-2.931,3.002,7.311,4-7-19
902,1554664535025,-1.396,3.763,8.412,4-7-19
903,1554664535227,-0.735,4.025,10.53,4-7-19
904,1554664535501,0.417,5.366,7.609,4-7-19
905,1554664535703,0.503,6.422,6.933,4-7-19
906,1554664535907,1.383,7.055,6.814,4-7-19
907,1554664536109,0.72,6.29,9.078,4-7-19
908,1554664536315,-0.265,4.765,8.541,4-7-19
909,1554664536517,0.381,5.201,7.801,4-7-19
910,1554664536718,0.53,6.415,8.326,4-7-19
911,1554664536921,0.441,4.412,8.928,4-7-19
912,1554664537125,-0.023,3.994,8.634,4-7-19
913,1554664537327,-0.103,4.932,8.405,4-7-19
914,1554664537530,1.249,3.967,9.977,4-7-19
915,1554664537733,0.534,1.773,8.841,4-7-19
916,1554664537936,1.26,3.249,9.098,4-7-19
917,1554664538139,1.039,2.914,9.88,4-7-19
918,1554664538342,1.924,3.959,8.428,4-7-19
919,1554664538543,0.289,4.348,7.556,4-7-19
920,1554664538894,-5.799,0.298,3.979,4-7-19
921,1554664538969,-14.934,-1.699,5.009,4-7-19
922,1554664539171,-9.796,-0.045,0.222,4-7-19
923,1554664539378,-9.019,-3.949,-0.458,4-7-19
924,1554664539578,-5.807,-6.28,1.538,4-7-19
925,1554664539783,-5.05,-7.617,-0.482,4-7-19
926,1554664539985,0.052,-14.114,-0.036,4-7-19
927,1554664540187,-2.882,-7.686,0.589,4-7-19
928,1554664540391,-0.439,-9.744,-1.14,4-7-19
929,1554664540598,-0.513,-9.355,-1.614,4-7-19
930,1554664540796,-1.118,-9.219,-2.225,4-7-19
931,1554664541000,-1.846,-9.937,-2.91,4-7-19
932,1554664541204,-3.037,-8.445,-2.78,4-7-19
933,1554664541410,-2.822,-7.325,-3.798,4-7-19
934,1554664541621,-2.823,-9.995,-2.993,4-7-19
935,1554664541808,-2.966,-9.418,-0.353,4-7-19
936,1554664542010,-3.486,-8.951,-0.106,4-7-19
937,1554664542220,-5.2,-8.904,-0.282,4-7-19
938,1554664542418,-4.584,-10.095,-1.828,4-7-19
939,1554664542628,-5.496,-9.256,0.573,4-7-19
940,1554664542826,-0.24,-7.371,-2.085,4-7-19
941,1554664543033,-4.008,-11.243,-3.497,4-7-19
942,1554664543231,-2.696,-7.87,0.485,4-7-19
943,1554664543443,-4.039,-8.652,-1.237,4-7-19
944,1554664543651,-7.127,-10.3,-2.132,4-7-19
945,1554664543849,-5.567,-9.498,0.926,4-7-19
946,1554664544053,1.456,-6.317,-0.76,4-7-19
947,1554664544249,-5.719,-12.278,-3.315,4-7-19
948,1554664544448,-2.538,-7.385,-0.742,4-7-19
949,1554664544647,-4.484,-8.206,-1.165,4-7-19
950,1554664544858,-7.319,-10.808,-1.716,4-7-19
951,1554664545051,-4.271,-8.963,1.418,4-7-19
952,1554664545255,1.61,-8.063,-4.808,4-7-19
953,1554664545463,-0.765,-12.407,0.332,4-7-19
954,1554664545672,-4.5,-13.218,-1.653,4-7-19
955,1554664545871,-6.451,-9.182,4.431,4-7-19
956,1554664546065,5.637,-0.991,5.185,4-7-19
957,1554664546274,-1.607,2.906,11.163,4-7-19
958,1554664546449,-1.604,4.914,9.047,4-7-19
959,1554664546652,-0.476,5.24,7.598,4-7-19
960,1554664546855,0.484,4.744,6.703,4-7-19
961,1554664547058,1.757,3.062,9.576,4-7-19
962,1554664547263,1.178,0.801,10.742,4-7-19
963,1554664547463,0.98,3.329,8.296,4-7-19
964,1554664547667,1.307,4.072,9.528,4-7-19
965,1554664547868,1.782,3.107,9.14,4-7-19
966,1554664548071,0.965,3.816,8.101,4-7-19
967,1554664548274,1.222,2.835,10.036,4-7-19
968,1554664548476,-0.124,2.549,9.928,4-7-19
969,1554664548678,0.482,4.214,8.339,4-7-19
970,1554664548881,0.585,4.774,9.482,4-7-19
971,1554664549086,0.772,3.56,8.846,4-7-19
972,1554664549288,0.644,4.591,8.23,4-7-19
973,1554664549490,0.035,4.303,9.618,4-7-19
974,1554664549693,-0.997,3.599,8.738,4-7-19
975,1554664549896,-0.169,5.061,8.174,4-7-19
976,1554664550099,0.4,5.293,9.524,4-7-19
977,1554664550302,0.897,4.127,8.464,4-7-19
978,1554664550506,0.419,5.018,7.958,4-7-19
979,1554664550707,-1.726,3.886,9.574,4-7-19
980,1554664550912,-4.005,2.096,7.856,4-7-19
981,1554664551112,-6.116,3.294,8.834,4-7-19
982,1554664551316,-2.635,-0.094,11.611,4-7-19
983,1554664551517,1.106,-4.382,7.938,4-7-19
984,1554664551720,1.037,-1.886,10.657,4-7-19
985,1554664551924,-1.452,-0.698,10.817,4-7-19
986,1554664552130,-0.77,0.828,9.047,4-7-19
987,1554664552330,-2.99,2.786,8.805,4-7-19
988,1554664552532,-3.785,1.873,9.106,4-7-19
989,1554664552735,-2.268,1.413,9.614,4-7-19
990,1554664552937,-0.338,-0.926,7.859,4-7-19
991,1554664553140,3.788,-0.005,8.223,4-7-19
992,1554664553345,2.754,0.55,14.365,4-7-19
993,1554664553548,-1.035,-1.226,10.647,4-7-19
994,1554664553751,-1.011,-0.483,9.476,4-7-19
995,1554664553962,-1.938,3.016,7.882,4-7-19
996,1554664554153,-3.907,4.774,8.115,4-7-19
997,1554664554358,-1.093,4.189,9.811,4-7-19
998,1554664554563,2.619,3.607,8.904,4-7-19
999,1554664554775,2.11,5.638,6.633,4-7-19
1000,1554664554963,0.518,5.76,7.959,4-7-19
1001,1554664555167,0.26,3.96,9.128,4-7-19
1002,1554664555372,0.805,4.357,8.453,4-7-19
1003,1554664555573,1.534,5.135,8.86,4-7-19
1004,1554664555789,2.012,4.141,10.398,4-7-19
1005,1554664555982,0.07,2.223,9.05,4-7-19
1006,1554664556181,0.596,3.383,9.265,4-7-19
1007,1554664556389,2.904,4.471,8.326,4-7-19
1008,1554664556596,2.446,4.84,9.023,4-7-19
1009,1554664556796,1.483,4.362,8.239,4-7-19
1010,1554664557009,1.421,4.675,8.493,4-7-19
1011,1554664557195,1.726,4.505,8.506,4-7-19
1012,1554664557401,2.05,4.555,8.703,4-7-19
1013,1554664557614,2.423,4.42,8.491,4-7-19
1014,1554664557807,2.44,4.375,8.484,4-7-19
1015,1554664558019,2.208,4.335,8.648,4-7-19
1016,1554664558221,2.039,4.556,8.557,4-7-19
1017,1554664558413,1.754,4.513,8.814,4-7-19
1018,1554664558628,1.983,4.689,7.902,4-7-19
1019,1554664558830,3.332,4.486,8.664,4-7-19
1020,1554664559019,3.007,4.69,8.704,4-7-19
1021,1554664559222,0.473,4.155,9.269,4-7-19
1022,1554664559434,0.878,3.775,8.996,4-7-19
1023,1554664559629,-1.518,3.777,8.178,4-7-19
1024,1554664559838,-0.868,2.415,9.296,4-7-19
1025,1554664560034,-1.264,1.473,10.438,4-7-19
1026,1554664560247,-2.033,1.507,10.486,4-7-19
1027,1554664560448,-1.72,3.211,8.737,4-7-19
1028,1554664560655,-0.264,2.612,9.076,4-7-19
1029,1554664560844,2.297,2.788,9.283,4-7-19
1030,1554664561048,2.964,2.763,9.447,4-7-19
1031,1554664561248,1.597,3.662,8.979,4-7-19
1032,1554664561452,-0.165,3.201,9.162,4-7-19
1033,1554664561658,-0.005,1.844,9.993,4-7-19
1034,1554664561856,-0.848,4.124,8.046,4-7-19
1035,1554664562059,-0.655,4.237,9.302,4-7-19
1036,1554664562266,0.245,3.383,10.108,4-7-19
1037,1554664562464,0.515,2.792,9.381,4-7-19
1038,1554664562668,0.08,3.986,8.268,4-7-19
1039,1554664562869,0.171,4.124,9.314,4-7-19
1040,1554664563073,-0.969,2.742,9.463,4-7-19
1041,1554664563275,-0.508,3.247,8.999,4-7-19
1042,1554664563478,0.644,4.126,9.352,4-7-19
1043,1554664563685,1.508,2.957,9.766,4-7-19
1044,1554664563882,1.56,3.555,8.196,4-7-19
1045,1554664564085,0.722,4.691,9.164,4-7-19
1046,1554664564287,-0.244,3.895,9.565,4-7-19
1047,1554664564490,-0.867,3.762,8.352,4-7-19
1048,1554664564693,-0.5,5.005,7.989,4-7-19
1049,1554664564895,-0.229,4.605,9.468,4-7-19
1050,1554664565098,1.428,4.513,8.667,4-7-19
1051,1554664565301,-0.983,4.487,8.046,4-7-19
1052,1554664565504,-2.964,4.544,9.075,4-7-19
1053,1554664565706,-3.191,3.276,8.781,4-7-19
1054,1554664565911,-2.793,3.96,7.941,4-7-19
1055,1554664566113,-3.108,4.961,8.416,4-7-19
1056,1554664566318,-2.01,3.842,9.567,4-7-19
1057,1554664566518,-1.08,3.724,8.596,4-7-19
1058,1554664566722,-0.717,4.275,8.719,4-7-19
1059,1554664566925,-1.766,3.698,9.458,4-7-19
1060,1554664567129,-1.811,3.504,8.595,4-7-19
1061,1554664567331,-1.18,4.247,8.701,4-7-19
1062,1554664567531,-1.449,4.221,9.764,4-7-19
1063,1554664567733,-0.239,3.338,9.154,4-7-19
1064,1554664567937,-0.527,4.025,8.218,4-7-19
1065,1554664568140,-1.446,5.096,9.016,4-7-19
1066,1554664568344,-2.282,4.231,8.775,4-7-19
1067,1554664568546,-1.042,4.186,8.177,4-7-19
1068,1554664568747,-1.374,5.03,8.586,4-7-19
1069,1554664568950,-0.762,3.249,9.736,4-7-19
1070,1554664569156,-1.51,1.521,8.648,4-7-19
1071,1554664569356,-2.413,1.591,10.071,4-7-19
1072,1554664569562,-2.948,3.448,9.45,4-7-19
1073,1554664569763,-2.165,2.712,8.858,4-7-19
1074,1554664569965,-1.102,4.37,8.094,4-7-19
1075,1554664570167,-0.87,4.763,9.32,4-7-19
1076,1554664570370,0.334,3.495,9.167,4-7-19
1077,1554664570573,-0.079,3.859,8.477,4-7-19
1078,1554664570775,0.631,4.936,8.347,4-7-19
1079,1554664570978,0.252,5.616,9.503,4-7-19
1080,1554664571182,0.011,4.872,8.285,4-7-19
1081,1554664571383,0.585,6.108,6.805,4-7-19
1082,1554664571585,0.329,6.297,8.73,4-7-19
1083,1554664571789,0.517,3.464,9.216,4-7-19
1084,1554664571992,-0.194,3.101,9.45,4-7-19
1085,1554664572194,-0.104,3.528,9.31,4-7-19
1086,1554664572398,0.657,3.564,9.146,4-7-19
1087,1554664572607,0.685,3.016,9.24,4-7-19
1088,1554664572803,-0.211,3.232,9.143,4-7-19
1089,1554664573006,-0.445,3.617,9.116,4-7-19
1090,1554664573208,-0.037,3.762,8.959,4-7-19
1091,1554664573411,-0.249,3.565,9.211,4-7-19
1092,1554664573614,-0.39,2.716,9.266,4-7-19
1093,1554664573816,-0.889,1.424,9.565,4-7-19
1094,1554664574019,-0.928,0.449,10.159,4-7-19
1095,1554664574221,-0.297,0.38,10.216,4-7-19
1096,1554664574423,-0.459,1.124,9.738,4-7-19
1097,1554664574627,0.12,1.888,9.196,4-7-19
1098,1554664574830,-0.087,3.032,9.48,4-7-19
1099,1554664575033,0.144,4.219,8.12,4-7-19
1100,1554664575235,2.147,4.407,9.239,4-7-19
1101,1554664575438,1.651,3.932,8.538,4-7-19
1102,1554664575640,3.285,4.131,8.559,4-7-19
1103,1554664575843,2.458,4.12,8.318,4-7-19
1104,1554664576046,1.787,4.137,9.392,4-7-19
1105,1554664576248,0.419,2.978,9.332,4-7-19
1106,1554664576452,-0.089,1.826,9.675,4-7-19
1107,1554664576654,-1.124,1.658,8.73,4-7-19
1108,1554664576863,-0.303,-0.418,11.996,4-7-19
1109,1554664577067,-0.372,1.239,10.113,4-7-19
1110,1554664577262,1.924,2.791,8.313,4-7-19
1111,1554664577465,1.537,4.335,7.987,4-7-19
1112,1554664577667,1.551,4.716,9.232,4-7-19
1113,1554664577872,0.684,4.274,9.085,4-7-19
1114,1554664578073,0.601,3.187,9.225,4-7-19
1115,1554664578276,-0.42,4.342,8.546,4-7-19
1116,1554664578479,-1.101,4.214,8.621,4-7-19
1117,1554664578682,-0.624,4.223,9.678,4-7-19
1118,1554664578890,0.557,3.504,9.602,4-7-19
1119,1554664579100,0.993,2.521,9.174,4-7-19
1120,1554664579299,1.041,3.028,8.833,4-7-19
1121,1554664579493,1.134,4.091,9.274,4-7-19
1122,1554664579696,0.536,3.685,9.318,4-7-19
1123,1554664579900,0.586,3.287,9.221,4-7-19
1124,1554664580101,-0.349,4.073,8.359,4-7-19
1125,1554664580305,-0.159,4.197,9.294,4-7-19
1126,1554664580505,0.992,3.344,9.639,4-7-19
1127,1554664580709,1.835,2.796,9.13,4-7-19
1128,1554664580912,1.337,3.366,9.073,4-7-19
1129,1554664581113,1.321,4.349,8.985,4-7-19
1130,1554664581318,-0.177,4.95,8.5,4-7-19
1131,1554664581519,-0.495,4.999,8.066,4-7-19
1132,1554664581721,-0.623,5.485,8.231,4-7-19
1133,1554664581925,-0.05,5.413,8.747,4-7-19
1134,1554664582127,0.842,4.002,8.593,4-7-19
1135,1554664582332,1.184,3.869,9.594,4-7-19
1136,1554664582533,0.827,3.975,9.277,4-7-19
1137,1554664582735,0.653,4.144,8.728,4-7-19
1138,1554664582939,-0.509,3.406,8.578,4-7-19
1139,1554664583143,1.79,6.75,7.598,4-7-19
1140,1554664583342,1.2,6.368,7.745,4-7-19
1141,1554664583545,1.267,6.301,7.32,4-7-19
1142,1554664583749,0.735,6.078,7.131,4-7-19
1143,1554664583953,0.271,6.031,8.369,4-7-19
1144,1554664584156,0.517,5.634,8.377,4-7-19
1145,1554664584358,0.6,5.848,8.036,4-7-19
1146,1554664584561,0.456,5.763,7.944,4-7-19
1147,1554664584762,0.923,5.587,8.105,4-7-19
1148,1554664584966,1.096,5.627,7.855,4-7-19
1149,1554664585167,0.845,5.129,8.469,4-7-19
1150,1554664585371,0.712,4.488,8.904,4-7-19
1151,1554664585574,0.699,4.134,8.997,4-7-19
1152,1554664585776,0.767,4.368,8.876,4-7-19
1153,1554664585979,0.89,4.283,8.773,4-7-19
1154,1554664586182,0.757,4.352,8.703,4-7-19
1155,1554664586388,0.897,4.154,9.016,4-7-19
1156,1554664586587,0.489,4.378,8.958,4-7-19
1157,1554664586790,1.689,5.964,7.367,4-7-19
1158,1554664586994,2.432,6.427,7.14,4-7-19
1159,1554664587195,2.011,5.912,6.935,4-7-19
1160,1554664587398,1.066,2.277,9.235,4-7-19
1161,1554664587601,0.755,-0.588,10.992,4-7-19
1162,1554664587807,0.059,2.092,9.292,4-7-19
1163,1554664588005,0.942,2.352,9.422,4-7-19
1164,1554664588210,0.233,2.48,9.908,4-7-19
1165,1554664588411,0.384,2.933,9.216,4-7-19
1166,1554664588616,0.118,3.614,9.18,4-7-19
1167,1554664588817,0.38,4.208,8.705,4-7-19
1168,1554664589022,1.365,5.271,8.255,4-7-19
1169,1554664589222,1.752,5.68,7.892,4-7-19
1170,1554664589426,1.886,5.636,7.882,4-7-19
1171,1554664589628,1.691,5.59,8.018,4-7-19
1172,1554664589831,1.425,5.71,7.825,4-7-19
1173,1554664590034,2.954,5.738,7.438,4-7-19
1174,1554664590236,1.994,4.897,8.466,4-7-19
1175,1554664590438,1.799,4.266,8.902,4-7-19
1176,1554664590642,1.465,3.42,9.057,4-7-19
1177,1554664590842,1.387,3.619,9.018,4-7-19
1178,1554664591051,1.487,4.254,8.806,4-7-19
1179,1554664591251,1.925,5.346,8.158,4-7-19
1180,1554664591455,2.446,5.262,7.884,4-7-19
1181,1554664591656,2.104,5.127,8.023,4-7-19
1182,1554664591859,2.272,4.32,8.737,4-7-19
1183,1554664592061,1.96,3.297,8.563,4-7-19
1184,1554664592265,2.967,0.192,10.841,4-7-19
1185,1554664592465,2.521,2.055,8.612,4-7-19
1186,1554664592670,1.72,2.436,9.076,4-7-19
1187,1554664592871,1.889,2.463,9.288,4-7-19
1188,1554664593075,1.685,2.726,9.549,4-7-19
1189,1554664593277,1.117,2.546,9.445,4-7-19
1190,1554664593479,0.327,1.954,9.801,4-7-19
1191,1554664593682,-0.321,2.55,9.657,4-7-19
1192,1554664593884,-0.173,3.589,9.028,4-7-19
1193,1554664594087,-0.932,5.406,7.989,4-7-19
1194,1554664594290,-0.093,4.642,9.035,4-7-19
1195,1554664594492,1.067,3.945,8.531,4-7-19
1196,1554664594696,0.388,4.004,8.947,4-7-19
1197,1554664594899,0.999,5.07,8.666,4-7-19
1198,1554664595102,0.325,4.891,8.673,4-7-19
1199,1554664595304,1.063,4.412,8.491,4-7-19
1200,1554664595507,0.887,4.102,8.047,4-7-19
1201,1554664595708,0.357,1.233,10.991,4-7-19
1202,1554664595913,0.712,1.763,10.783,4-7-19
1203,1554664596115,0.054,2.401,8.548,4-7-19
1204,1554664596319,0.826,2.943,9.447,4-7-19
1205,1554664596521,0.975,3.66,9.258,4-7-19
1206,1554664596723,0.508,3.159,9.08,4-7-19
1207,1554664596926,-0.761,3.625,9.227,4-7-19
1208,1554664597130,-0.678,4.022,8.84,4-7-19
1209,1554664597331,-0.202,4.165,9.11,4-7-19
1210,1554664597539,0.237,4.284,9.082,4-7-19
1211,1554664597749,0.444,4.263,8.571,4-7-19
1212,1554664597943,0.444,4.285,8.833,4-7-19
1213,1554664598143,0.31,4.261,8.879,4-7-19
1214,1554664598345,0.056,4.177,8.95,4-7-19
1215,1554664598549,-0.072,4.257,8.938,4-7-19
1216,1554664598750,-0.02,4.178,8.961,4-7-19
1217,1554664598955,-0.114,4.28,8.958,4-7-19
1218,1554664599168,-0.215,4.389,8.781,4-7-19
1219,1554664599359,-0.189,4.591,8.79,4-7-19
1220,1554664599562,-0.288,4.818,8.581,4-7-19
1221,1554664599763,-0.255,4.984,8.562,4-7-19
1222,1554664600052,-0.266,5.058,8.471,4-7-19
1223,1554664600268,-0.188,5.105,8.443,4-7-19
1224,1554664600467,-0.183,5.178,8.406,4-7-19
1225,1554664600681,-0.154,5.207,8.446,4-7-19
1226,1554664600892,0.017,5.081,8.382,4-7-19
1227,1554664601095,0.108,4.891,8.676,4-7-19
1228,1554664601300,0.151,4.916,8.559,4-7-19
1229,1554664601471,0.077,5.02,8.529,4-7-19
1230,1554664601684,0.029,5.081,8.487,4-7-19
1231,1554664601874,0.013,5.035,8.48,4-7-19
1232,1554664602158,0.296,4.891,8.545,4-7-19
1233,1554664602364,0.335,4.886,8.693,4-7-19
1234,1554664602564,0.205,4.924,8.634,4-7-19
1235,1554664602768,0.326,4.95,8.402,4-7-19
1236,1554664602971,0.343,5.017,8.524,4-7-19
1237,1554664603179,0.189,5.071,8.507,4-7-19
1238,1554664603376,0.068,5.15,8.451,4-7-19
1239,1554664603585,-0.023,5.129,8.431,4-7-19
1240,1554664603790,0.656,4.929,8.05,4-7-19
1241,1554664603985,1.786,5.391,7.729,4-7-19
1242,1554664604183,3.589,6.132,7.667,4-7-19
1243,1554664604393,4.487,5.838,6.285,4-7-19
1244,1554664604589,3.525,5.489,7.614,4-7-19
1245,1554664604797,3.026,4.65,7.264,4-7-19
1246,1554664604998,2.667,0.353,10.811,4-7-19
1247,1554664605200,0.673,0.959,9.579,4-7-19
1248,1554664605404,0.597,3.099,9.207,4-7-19
1249,1554664605605,0.981,3.207,8.947,4-7-19
1250,1554664605809,1.7,3.171,8.647,4-7-19
1251,1554664606012,0.956,3.119,9.751,4-7-19
1252,1554664606214,1.05,2.91,9.202,4-7-19
1253,1554664606417,0.806,3.126,9.456,4-7-19
1254,1554664606623,0.655,3.13,9.258,4-7-19
1255,1554664606828,0.755,3.236,9.337,4-7-19
1256,1554664607026,0.825,3.294,9.351,4-7-19
1257,1554664607234,0.765,3.351,9.179,4-7-19
1258,1554664607451,0.722,3.274,9.238,4-7-19
1259,1554664607651,1.08,3.235,9.196,4-7-19
1260,1554664607848,1.086,2.922,9.617,4-7-19
1261,1554664608039,0.742,2.772,9.398,4-7-19
1262,1554664608239,0.307,2.798,9.418,4-7-19
1263,1554664608454,0.5,2.882,9.273,4-7-19
1264,1554665829779,-1.659,2.879,9.413,4-7-19
1265,1554665829983,-1.867,2.829,9.211,4-7-19
1266,1554665830187,-1.881,2.789,9.194,4-7-19
1267,1554665830394,-1.65,2.7,9.234,4-7-19
1268,1554665830599,-2.661,1.844,9.638,4-7-19
1269,1554665830804,-2.042,1.845,9.368,4-7-19
1270,1554665831004,-1.952,2.314,9.268,4-7-19
1271,1554665831207,-1.597,2.194,9.395,4-7-19
1272,1554665831411,-1.515,2.159,9.634,4-7-19
1273,1554665831636,-1.408,2.316,9.342,4-7-19
1274,1554665831816,-1.96,2.845,9.308,4-7-19
1275,1554665832020,-1.582,2.995,8.917,4-7-19
1276,1554665832224,-1.426,3.186,9.505,4-7-19
1277,1554665832428,-1.101,3.002,9.182,4-7-19
1278,1554665832632,-1.494,3.213,9.243,4-7-19
1279,1554665832836,-1.463,2.968,9.28,4-7-19
1280,1554665833037,-2.002,3.078,9.033,4-7-19
1281,1554665833241,-1.826,2.624,9.446,4-7-19
1282,1554665833450,-1.929,2.455,9.239,4-7-19
1283,1554665833648,-1.136,0.794,9.558,4-7-19
1284,1554665833866,-0.521,-0.333,10.109,4-7-19
1285,1554665834070,-0.935,0.25,9.744,4-7-19
1286,1554665834263,-1.206,0.78,9.914,4-7-19
1287,1554665834468,-0.624,1.854,9.035,4-7-19
1288,1554665834668,-0.186,1.648,9.699,4-7-19
1289,1554665834871,-0.715,0.593,10.288,4-7-19
1290,1554665835078,-1.068,1.33,9.611,4-7-19
1291,1554665835289,-0.62,2.327,9.01,4-7-19
1292,1554665835486,-0.899,1.609,9.958,4-7-19
1293,1554665835691,-0.456,0.449,10.054,4-7-19
1294,1554665835895,0.174,0.413,9.451,4-7-19
1295,1554665836092,0.171,1.1,9.738,4-7-19
1296,1554665836297,1.029,2.083,10.248,4-7-19
1297,1554665836501,-0.422,2.017,8.575,4-7-19
1298,1554665836707,-2.162,2.453,8.697,4-7-19
1299,1554665836992,-7.596,-1.56,3.661,4-7-19
1300,1554665837112,-12.13,-1.536,-4.256,4-7-19
1301,1554665837315,-9.707,1.613,-5.696,4-7-19
1302,1554665837519,-2.022,-1.13,-9.057,4-7-19
1303,1554665837734,-4.722,3.562,-9.658,4-7-19
1304,1554665837930,-3.157,1.739,-6.317,4-7-19
1305,1554665838130,2.853,-0.522,-11.32,4-7-19
1306,1554665838346,0.062,2.43,-9.715,4-7-19
1307,1554665838542,-1.59,-4.441,-8.677,4-7-19
1308,1554665838752,2.188,2.387,-9.389,4-7-19
1309,1554665838956,1.635,1.31,-9.764,4-7-19
1310,1554665839165,0.337,1.694,-9.858,4-7-19
1311,1554665839365,0.673,1.749,-9.8,4-7-19
1312,1554665839558,0.77,1.914,-9.313,4-7-19
1313,1554665839773,1.187,1.578,-9.985,4-7-19
1314,1554665839967,1.327,1.104,-9.837,4-7-19
1315,1554665840166,1.291,0.95,-9.898,4-7-19
1316,1554665840381,1.124,1.153,-9.826,4-7-19
1317,1554665840577,1.026,1.203,-9.828,4-7-19
1318,1554665840796,1.038,1.309,-9.819,4-7-19
1319,1554665840986,0.955,1.522,-9.777,4-7-19
1320,1554665841192,0.868,1.702,-9.753,4-7-19
1321,1554665841396,0.896,1.847,-9.731,4-7-19
1322,1554665841598,0.79,1.964,-9.697,4-7-19
1323,1554665841797,0.794,1.9,-9.73,4-7-19
1324,1554665842011,0.766,1.969,-9.715,4-7-19
1325,1554665842216,0.762,1.907,-9.732,4-7-19
1326,1554665842424,0.751,2.002,-9.715,4-7-19
1327,1554665842614,0.751,1.963,-9.724,4-7-19
1328,1554665842830,0.785,1.946,-9.72,4-7-19
1329,1554665843035,0.763,1.968,-9.728,4-7-19
1330,1554665843688,0.738,1.936,-9.716,4-7-19
1331,1554665843689,0.818,1.943,-9.726,4-7-19
1332,1554665843690,0.745,1.955,-9.716,4-7-19
1333,1554665843857,0.785,1.9,-9.736,4-7-19
1334,1554665844062,0.776,1.934,-9.737,4-7-19
1335,1554665844273,0.844,1.996,-9.705,4-7-19
1336,1554665844465,0.792,1.957,-9.705,4-7-19
1337,1554665844680,0.788,1.888,-9.747,4-7-19
1338,1554665844884,0.793,1.942,-9.725,4-7-19
1339,1554665845089,0.838,1.964,-9.72,4-7-19
1340,1554665845279,0.772,1.909,-9.725,4-7-19
1341,1554665845946,0.818,1.908,-9.731,4-7-19
1342,1554665845947,0.791,1.964,-9.719,4-7-19
1343,1554665845948,0.797,1.928,-9.729,4-7-19
1344,1554665846529,0.808,1.906,-9.733,4-7-19
1345,1554665846530,0.8,1.892,-9.78,4-7-19
1346,1554665846531,0.913,2.501,-9.473,4-7-19
1347,1554665847543,1.069,1.947,-9.711,4-7-19
1348,1554665847544,1.461,1.489,-9.768,4-7-19
1349,1554665847545,1.29,1.552,-9.749,4-7-19
1350,1554665847546,1.369,1.582,-9.718,4-7-19
1351,1554665847547,1.369,1.535,-9.757,4-7-19
1352,1554665847712,1.405,1.611,-9.713,4-7-19
1353,1554665848774,1.282,1.571,-9.735,4-7-19
1354,1554665848775,1.573,1.593,-9.722,4-7-19
1355,1554665848776,1.458,1.713,-9.668,4-7-19
1356,1554665848777,1.704,1.652,-9.675,4-7-19
1357,1554665848778,1.722,1.451,-9.708,4-7-19
1358,1554665849809,1.727,1.55,-9.698,4-7-19
1359,1554665849810,1.747,1.588,-9.664,4-7-19
1360,1554665849811,1.751,1.643,-9.68,4-7-19
1361,1554665849812,1.689,1.603,-9.699,4-7-19
1362,1554665849813,1.576,1.775,-9.65,4-7-19
1363,1554665850826,1.433,1.779,-9.711,4-7-19
1364,1554665850827,1.365,1.892,-9.692,4-7-19
1365,1554665850828,1.125,2.258,-9.6,4-7-19
1366,1554665850829,1.063,2.233,-9.637,4-7-19
1367,1554665850830,1.059,2.196,-9.618,4-7-19
1368,1554665851049,0.922,2.079,-9.7,4-7-19
1369,1554665851169,0.995,1.94,-9.714,4-7-19
1370,1554665851371,0.926,1.94,-9.716,4-7-19
1371,1554665851573,0.897,1.895,-9.728,4-7-19
1372,1554665851791,0.924,1.861,-9.731,4-7-19
1373,1554665851987,0.913,1.913,-9.729,4-7-19
1374,1554665852183,0.897,1.932,-9.718,4-7-19
1375,1554665852615,0.897,1.871,-9.727,4-7-19
1376,1554665852819,0.881,1.83,-9.731,4-7-19
1377,1554665853021,0.775,1.915,-9.724,4-7-19
1378,1554665853227,0.74,1.948,-9.735,4-7-19
1379,1554665853430,0.756,1.821,-9.743,4-7-19
1380,1554665853633,0.673,1.861,-9.759,4-7-19
1381,1554665853836,0.659,1.911,-9.723,4-7-19
1382,1554665854042,0.627,1.864,-9.762,4-7-19
1383,1554665854242,0.396,2.103,-9.706,4-7-19
1384,1554665854445,0.317,2.114,-9.713,4-7-19
1385,1554665854653,0.238,2.061,-9.711,4-7-19
1386,1554665854871,0.369,2.014,-9.727,4-7-19
1387,1554665855060,0.418,2.046,-9.731,4-7-19
1388,1554665855265,0.413,1.977,-9.737,4-7-19
1389,1554665856355,0.431,2.034,-9.718,4-7-19
1390,1554665856356,0.506,2.129,-9.699,4-7-19
1391,1554665856357,0.605,2.126,-9.686,4-7-19
1392,1554665856358,0.709,1.868,-9.759,4-7-19
1393,1554665856359,0.694,1.948,-9.718,4-7-19
1394,1554665856480,0.761,2.006,-9.719,4-7-19
1395,1554665857585,0.691,2.121,-9.685,4-7-19
1396,1554665857586,0.646,1.958,-9.735,4-7-19
1397,1554665857587,0.702,2.025,-9.72,4-7-19
1398,1554665857588,0.668,1.988,-9.716,4-7-19
1399,1554665857589,0.708,2.077,-9.698,4-7-19
1400,1554665857702,0.699,1.94,-9.73,4-7-19
1401,1554665858363,0.683,2.004,-9.728,4-7-19
1402,1554665858364,0.687,2.088,-9.693,4-7-19
1403,1554665858365,0.755,1.987,-9.713,4-7-19
1404,1554665860043,0.725,1.955,-9.72,4-7-19
1405,1554665860044,0.703,1.939,-9.747,4-7-19
1406,1554665860045,0.628,2.069,-9.704,4-7-19
1407,1554665860046,0.648,1.996,-9.721,4-7-19
1408,1554665860047,0.666,2.027,-9.724,4-7-19
1409,1554665860048,0.634,1.989,-9.716,4-7-19
1410,1554665860049,0.718,1.981,-9.735,4-7-19
1411,1554665860050,0.708,1.94,-9.725,4-7-19
1412,1554665860622,0.71,1.987,-9.724,4-7-19
1413,1554665860623,0.707,2.042,-9.705,4-7-19
1414,1554665860624,0.7,2.013,-9.713,4-7-19
1415,1554665861702,0.707,2.032,-9.714,4-7-19
1416,1554665861703,0.703,2.035,-9.704,4-7-19
1417,1554665861704,0.738,1.987,-9.727,4-7-19
1418,1554665861705,0.718,2.063,-9.706,4-7-19
1419,1554665861706,0.662,1.971,-9.728,4-7-19
1420,1554665861773,0.672,1.982,-9.721,4-7-19
1421,1554665862698,0.524,1.881,-9.733,4-7-19
1422,1554665862699,0.683,1.925,-9.733,4-7-19
1423,1554665862700,0.635,2.065,-9.703,4-7-19
1424,1554665862701,0.644,1.913,-9.753,4-7-19
1425,1554665862816,0.748,2.026,-9.699,4-7-19
1426,1554665863748,0.739,2.009,-9.714,4-7-19
1427,1554665863749,0.876,2.001,-9.709,4-7-19
1428,1554665863750,0.798,2.029,-9.696,4-7-19
1429,1554665863751,0.914,1.993,-9.71,4-7-19
1430,1554665863831,0.823,1.996,-9.695,4-7-19
1431,1554665864752,0.896,2.026,-9.714,4-7-19
1432,1554665864753,1.012,1.979,-9.695,4-7-19
1433,1554665864754,1.013,1.972,-9.704,4-7-19
1434,1554665864755,1.003,1.991,-9.698,4-7-19
1435,1554665864829,0.973,2.077,-9.681,4-7-19
1436,1554665865776,0.998,1.896,-9.73,4-7-19
1437,1554665865777,1.011,2.05,-9.669,4-7-19
1438,1554665865778,0.947,1.872,-9.737,4-7-19
1439,1554665865779,0.995,1.955,-9.713,4-7-19
1440,1554665865847,0.927,2.081,-9.68,4-7-19
1441,1554665866802,0.983,1.948,-9.713,4-7-19
1442,1554665866803,0.958,1.958,-9.704,4-7-19
1443,1554665866804,0.964,1.891,-9.729,4-7-19
1444,1554665866805,0.986,2.02,-9.7,4-7-19
1445,1554665866886,0.996,2,-9.687,4-7-19
1446,1554665867826,0.983,1.939,-9.716,4-7-19
1447,1554665867827,1.004,1.927,-9.702,4-7-19
1448,1554665867828,0.969,1.849,-9.743,4-7-19
1449,1554665867829,0.928,2.101,-9.665,4-7-19
1450,1554665867904,0.978,1.915,-9.721,4-7-19
1451,1554665868848,0.88,2.178,-9.658,4-7-19
1452,1554665868849,1.053,2,-9.689,4-7-19
1453,1554665868850,1.126,1.82,-9.706,4-7-19
1454,1554665868851,1.2,1.616,-9.746,4-7-19
1455,1554665868921,1.216,1.472,-9.776,4-7-19
1456,1554665869127,1.011,1.286,-9.829,4-7-19
1457,1554665869333,1.177,1.118,-9.839,4-7-19
1458,1554665869537,0.843,1.093,-9.82,4-7-19
1459,1554665869749,0.89,1.251,-9.842,4-7-19
1460,1554665869946,0.945,1.334,-9.792,4-7-19
1461,1554665870582,0.77,1.329,-9.825,4-7-19
1462,1554665870583,0.614,1.016,-9.884,4-7-19
1463,1554665870584,0.587,1.229,-9.846,4-7-19
1464,1554665871718,0.614,1.283,-9.876,4-7-19
1465,1554665871719,0.564,1.659,-9.78,4-7-19
1466,1554665871720,0.448,2.108,-9.67,4-7-19
1467,1554665871721,0.2,2.324,-9.647,4-7-19
1468,1554665871722,0.18,2.187,-9.695,4-7-19
1469,1554665871754,0.28,2.009,-9.748,4-7-19
1470,1554665872745,0.33,2.003,-9.737,4-7-19
1471,1554665872746,0.338,2.061,-9.719,4-7-19
1472,1554665872747,0.393,2.027,-9.719,4-7-19
1473,1554665872748,0.418,2.044,-9.72,4-7-19
1474,1554665872792,0.489,1.998,-9.727,4-7-19
1475,1554665873770,0.449,2.081,-9.706,4-7-19
1476,1554665873771,0.518,2.009,-9.726,4-7-19
1477,1554665873772,0.456,2.072,-9.687,4-7-19
1478,1554665873773,0.48,2.132,-9.706,4-7-19
1479,1554665873811,0.549,2.31,-9.557,4-7-19
1480,1554665874793,1.184,1.722,-9.778,4-7-19
1481,1554665874794,1.106,0.881,-9.843,4-7-19
1482,1554665874795,1.033,0.717,-9.939,4-7-19
1483,1554665874796,1.13,0.973,-9.832,4-7-19
1484,1554665874829,0.986,0.999,-9.84,4-7-19
1485,1554665875811,1.073,0.949,-9.848,4-7-19
1486,1554665875812,0.932,1.054,-9.843,4-7-19
1487,1554665875813,1.101,0.991,-9.856,4-7-19
1488,1554665875814,0.918,0.916,-9.836,4-7-19
1489,1554665875847,0.999,0.971,-9.857,4-7-19
1490,1554665876836,0.998,1.032,-9.843,4-7-19
1491,1554665876837,0.921,0.991,-9.85,4-7-19
1492,1554665876838,0.979,0.993,-9.863,4-7-19
1493,1554665876839,0.886,1.083,-9.823,4-7-19
1494,1554665876866,0.953,0.992,-9.856,4-7-19
1495,1554665877049,0.937,1.056,-9.848,4-7-19
1496,1554665878073,0.89,1.049,-9.832,4-7-19
1497,1554665878074,0.962,1.003,-9.848,4-7-19
1498,1554665878075,0.932,1.002,-9.847,4-7-19
1499,1554665878076,0.954,1.054,-9.852,4-7-19
1500,1554665878077,0.981,1.014,-9.841,4-7-19
1501,1554665878681,0.969,0.925,-9.862,4-7-19
1502,1554665878682,0.951,0.974,-9.84,4-7-19
1503,1554665878683,0.941,1.024,-9.836,4-7-19
1504,1554665879724,0.921,0.989,-9.843,4-7-19
1505,1554665879725,0.984,0.89,-9.858,4-7-19
1506,1554665879726,1,0.854,-9.864,4-7-19
1507,1554665879728,1.01,0.775,-9.86,4-7-19
1508,1554665879729,1.007,0.746,-9.875,4-7-19
1509,1554665880361,0.964,0.794,-9.865,4-7-19
1510,1554665880362,0.956,0.791,-9.862,4-7-19
1511,1554665880363,0.919,0.85,-9.863,4-7-19
1512,1554665881575,0.904,0.858,-9.863,4-7-19
1513,1554665881576,0.92,0.883,-9.849,4-7-19
1514,1554665881577,0.898,0.802,-9.873,4-7-19
1515,1554665881578,0.904,0.824,-9.866,4-7-19
1516,1554665881579,0.875,0.844,-9.865,4-7-19
1517,1554665881580,0.882,0.839,-9.864,4-7-19
1518,1554665882573,0.871,0.825,-9.868,4-7-19
1519,1554665882574,0.877,0.831,-9.87,4-7-19
1520,1554665882575,0.972,0.89,-9.851,4-7-19
1521,1554665882576,0.976,1.129,-9.778,4-7-19
1522,1554665882577,1.012,1.024,-9.873,4-7-19
1523,1554665883595,1.227,0.972,-9.876,4-7-19
1524,1554665883596,1.164,1.05,-9.792,4-7-19
1525,1554665883597,1.398,1.204,-9.796,4-7-19
1526,1554665883598,1.359,1.186,-9.808,4-7-19
1527,1554665883599,1.332,1.402,-9.754,4-7-19
1528,1554665883791,1.154,1.661,-9.733,4-7-19
1529,1554665883974,2.384,0.366,-11.294,4-7-19
1530,1554665885036,2.582,-2.532,-9.358,4-7-19
1531,1554665885037,1.601,-4.72,-7.894,4-7-19
1532,1554665885040,0.872,-6.902,-5.58,4-7-19
1533,1554665885041,-2.224,-11.169,-3.075,4-7-19
1534,1554665885042,-2.629,-8.487,-0.714,4-7-19
1535,1554665886068,-3.352,-6.922,-2.88,4-7-19
1536,1554665886069,-2.401,-10.835,-0.016,4-7-19
1537,1554665886070,-3.159,-8.168,-0.455,4-7-19
1538,1554665886071,-8.275,-9.282,-1.558,4-7-19
1539,1554665886072,-4.754,-12.036,-0.382,4-7-19
1540,1554665886656,0.475,-5.015,-0.759,4-7-19
1541,1554665886657,-5.115,-12.429,-2.043,4-7-19
1542,1554665886658,-3.072,-7.221,-0.239,4-7-19
1543,1554665887702,-9.036,-9.39,-2.73,4-7-19
1544,1554665887703,-4.884,-11.438,0.599,4-7-19
1545,1554665887704,-1.078,-7.811,-3.903,4-7-19
1546,1554665887705,-2.795,-9.772,-0.227,4-7-19
1547,1554665887706,-3.535,-6.795,-0.776,4-7-19
1548,1554665888714,-8.569,-8.963,-3.137,4-7-19
1549,1554665888715,-4.838,-12.446,0.65,4-7-19
1550,1554665888716,-1.515,-7.089,1.887,4-7-19
1551,1554665888717,-0.516,-11.688,0.938,4-7-19
1552,1554665888718,-4.635,-8.878,-3.566,4-7-19
1553,1554665889743,-5.218,-8.521,-0.127,4-7-19
1554,1554665889744,-6.196,-9.906,-1.807,4-7-19
1555,1554665889745,-4.207,-8.539,-0.889,4-7-19
1556,1554665889746,0.219,-7.619,-1.909,4-7-19
1557,1554665889747,-2.337,-10.436,-5.096,4-7-19
1558,1554665890766,-3.652,-9.011,-0.229,4-7-19
1559,1554665890767,-4.086,-7.791,-0.397,4-7-19
1560,1554665890768,-7.802,-10.939,-2.269,4-7-19
1561,1554665890769,-3.609,-9.099,1.636,4-7-19
1562,1554665890770,-4.381,-8.465,-5.073,4-7-19
1563,1554665891783,-1.545,-7.962,1.686,4-7-19
1564,1554665891784,-3.917,-9.191,-0.734,4-7-19
1565,1554665891785,-8.757,-9.585,-2.971,4-7-19
1566,1554665891786,-3.342,-10.585,0.697,4-7-19
1567,1554665891787,-1.477,-7.047,-4.321,4-7-19
1568,1554665892831,-4.094,-9.899,-0.931,4-7-19
1569,1554665892832,-3.759,-7.969,0.276,4-7-19
1570,1554665892833,-5.955,-8.582,-1.074,4-7-19
1571,1554665892834,-4.371,-11.923,-0.615,4-7-19
1572,1554665892835,-2.53,-6.004,-1.51,4-7-19
1573,1554665893824,-4.866,-10.245,-3.197,4-7-19
1574,1554665893825,-3.298,-8.872,-1.501,4-7-19
1575,1554665893826,-3.717,-8.829,-0.231,4-7-19
1576,1554665893827,-3.296,-9.206,-0.64,4-7-19
1577,1554665893828,-3.558,-9.043,-0.521,4-7-19
1578,1554665894467,-3.622,-9.043,-0.681,4-7-19
1579,1554665894468,-3.426,-9.049,-0.708,4-7-19
1580,1554665894469,-3.539,-9.01,-0.846,4-7-19
1581,1554665894588,-4.053,-8.913,-1.033,4-7-19
1582,1554665894771,-4.648,-8.794,-0.407,4-7-19
1583,1554665895877,-3.953,-8.692,0.473,4-7-19
1584,1554665895878,-5.825,-9.131,-3.201,4-7-19
1585,1554665895879,-5.483,-8.861,0.576,4-7-19
1586,1554665895880,-1.008,-8.758,-3.928,4-7-19
1587,1554665895881,-3.04,-9.717,-0.245,4-7-19
1588,1554665895992,-3.461,-8.229,-0.532,4-7-19
1589,1554665896930,-7.419,-9.161,-1.41,4-7-19
1590,1554665896931,-5.292,-12.209,-0.753,4-7-19
1591,1554665896932,0.242,-4.326,-0.022,4-7-19
1592,1554665896933,-4.827,-12.722,-3.344,4-7-19
1593,1554665897008,-3.82,-6.638,-0.797,4-7-19
1594,1554665897934,-6.769,-9.094,-0.748,4-7-19
1595,1554665897935,-5.124,-12.884,-1.217,4-7-19
1596,1554665897936,-0.988,-4.12,-0.797,4-7-19
1597,1554665897937,-5.02,-11.973,-2.771,4-7-19
1598,1554665898048,-3.306,-7.617,-0.425,4-7-19
1599,1554665898252,-7.959,-8.915,-2.475,4-7-19
1600,1554665898456,-6.008,-12.322,0.145,4-7-19
1601,1554665898659,-2.114,-5.873,1.508,4-7-19
1602,1554665898862,-0.861,-11.942,0.116,4-7-19
1603,1554665899066,-4.551,-8.799,-3.585,4-7-19
1604,1554665899631,-3.54,-9.122,-0.186,4-7-19
1605,1554665899632,-4.615,-8.578,0.064,4-7-19
1606,1554665899677,-4.476,-8.554,-0.313,4-7-19
1607,1554665899860,-4.879,-8.57,-0.849,4-7-19
1608,1554665901025,-5.511,-8.177,-0.132,4-7-19
1609,1554665901026,-6.269,-9.446,-2.269,4-7-19
1610,1554665901027,-5.621,-8.66,0.557,4-7-19
1611,1554665901028,0.433,-7.843,-2.635,4-7-19
1612,1554665901029,-3.103,-11.242,-3.722,4-7-19
1613,1554665901102,-3.121,-7.494,1.041,4-7-19
1614,1554665902026,-6.231,-8.721,-0.691,4-7-19
1615,1554665902027,-7.242,-12.425,-1.33,4-7-19
1616,1554665902028,-0.315,-4.925,0.558,4-7-19
1617,1554665902029,-5.159,-11.033,-4.669,4-7-19
1618,1554665902102,-2.824,-8.219,0.139,4-7-19
1619,1554665903076,-5.92,-7.947,-1.118,4-7-19
1620,1554665903077,-7.199,-13.214,-0.946,4-7-19
1621,1554665903078,-0.888,-4.731,0.274,4-7-19
1622,1554665903079,-4.441,-11.069,-4.791,4-7-19
1623,1554665903117,-3.381,-8.678,-0.255,4-7-19
1624,1554665903322,-4.9,-7.895,-1.523,4-7-19
1625,1554665903557,-5.848,-12.727,-0.799,4-7-19
1626,1554665903745,-2.37,-5.095,-0.421,4-7-19
1627,1554665904321,-4.917,-10.791,-3.798,4-7-19
1628,1554665904322,-2.647,-8.989,-0.743,4-7-19
1629,1554667133033,-2.633,8.829,3.4,4-7-19
1630,1554667133236,-2.906,8.793,4.742,4-7-19
1631,1554667133440,-2.604,8.219,4.793,4-7-19
1632,1554667133648,-2.286,8.059,4.94,4-7-19
1633,1554667133853,-2.658,7.921,5.976,4-7-19
1634,1554667134057,-2.135,7.712,5.088,4-7-19
1635,1554667134258,-2.651,8.535,4.326,4-7-19
1636,1554667134465,-2.997,8.645,4.16,4-7-19
1637,1554667134663,-2.244,8.384,4.415,4-7-19
1638,1554667134868,-2.729,8.683,4.325,4-7-19
1639,1554667135073,-2.963,8.454,4.156,4-7-19
1640,1554667135274,-2.52,8.16,4.73,4-7-19
1641,1554667135477,-3.002,8.431,4.552,4-7-19
1642,1554667135682,-2.855,8.016,5.203,4-7-19
1643,1554667135885,-2.48,7.951,5.158,4-7-19
1644,1554667136091,-2.979,8.308,4.942,4-7-19
1645,1554667136295,-2.503,7.975,5.241,4-7-19
1646,1554667136501,-2.246,8.122,4.827,4-7-19
1647,1554667136702,-2.949,8.465,4.868,4-7-19
1648,1554667136908,-2.353,7.96,5.248,4-7-19
1649,1554667137116,-2.232,8.156,4.912,4-7-19
1650,1554667137312,-2.716,8.304,5.072,4-7-19
1651,1554667137519,-1.973,7.812,5.841,4-7-19
1652,1554667137717,-1.762,8.453,4.63,4-7-19
1653,1554667137921,-0.464,8.385,5.165,4-7-19
1654,1554667138125,0.029,5.595,6.605,4-7-19
1655,1554667138328,-1.45,5.336,8.566,4-7-19
1656,1554667138534,-4.61,4.177,8.088,4-7-19
1657,1554667138737,-4.911,4.298,7.086,4-7-19
1658,1554667139086,-0.072,2.665,10.349,4-7-19
1659,1554667139177,-3.967,3.081,8.716,4-7-19
1660,1554667139346,-3.703,3.228,8.394,4-7-19
1661,1554667139550,-3.7,0.101,9.6,4-7-19
1662,1554667139756,-5.129,0.825,9.439,4-7-19
1663,1554667139961,0.609,1.47,8.975,4-7-19
1664,1554667140165,-1.188,0.131,9.325,4-7-19
1665,1554667140369,-0.322,0.281,9.771,4-7-19
1666,1554667140575,-0.342,0.096,9.816,4-7-19
1667,1554667140775,0.182,0.473,9.798,4-7-19
1668,1554667140977,0.179,0.314,9.788,4-7-19
1669,1554667141183,0.09,0.302,9.809,4-7-19
1670,1554667141388,0.059,0.266,9.804,4-7-19
1671,1554667141592,0.105,0.355,9.82,4-7-19
1672,1554667141804,0.161,0.004,9.751,4-7-19
1673,1554667142000,0.069,0.356,9.813,4-7-19
1674,1554667142208,0.062,0.523,9.857,4-7-19
1675,1554667142402,0.074,-0.077,9.727,4-7-19
1676,1554667142615,0.139,0.334,9.817,4-7-19
1677,1554667142812,0.024,0.495,9.852,4-7-19
1678,1554667143019,0.102,-0.046,9.749,4-7-19
1679,1554667143224,0.108,0.314,9.813,4-7-19
1680,1554667143423,0.041,0.447,9.839,4-7-19
1681,1554667143637,0.104,-0.022,9.749,4-7-19
1682,1554667143843,0.109,0.341,9.817,4-7-19
1683,1554667144044,0.036,0.368,9.834,4-7-19
1684,1554667144248,0.103,0.032,9.763,4-7-19
1685,1554667144443,0.086,0.371,9.824,4-7-19
1686,1554667144658,0.068,0.338,9.82,4-7-19
1687,1554667144857,0.089,0.032,9.77,4-7-19
1688,1554667145067,0.093,0.408,9.828,4-7-19
1689,1554667145255,0.063,0.314,9.82,4-7-19
1690,1554667145458,0.091,0.023,9.764,4-7-19
1691,1554667145660,0.081,0.438,9.838,4-7-19
1692,1554667145871,0.067,0.27,9.807,4-7-19
1693,1554667146081,0.09,0.039,9.769,4-7-19
1694,1554667146276,0.081,0.465,9.841,4-7-19
1695,1554667146489,0.072,0.216,9.799,4-7-19
1696,1554667146697,0.084,0.064,9.768,4-7-19
1697,1554667146890,0.08,0.472,9.841,4-7-19
1698,1554667147100,0.071,0.186,9.793,4-7-19
1699,1554667147294,0.092,0.099,9.785,4-7-19
1700,1554667148463,0.071,0.476,9.838,4-7-19
1701,1554667148464,0.089,0.158,9.788,4-7-19
1702,1554667148465,0.087,0.127,9.782,4-7-19
1703,1554667148466,0.067,0.499,9.847,4-7-19
1704,1554667148467,0.085,0.117,9.78,4-7-19
1705,1554667148512,0.086,0.14,9.785,4-7-19
1706,1554667149479,0.07,0.501,9.849,4-7-19
1707,1554667149480,0.083,0.091,9.776,4-7-19
1708,1554667149481,0.09,0.172,9.789,4-7-19
1709,1554667149482,0.07,0.458,9.839,4-7-19
1710,1554667149549,0.088,0.112,9.78,4-7-19
1711,1554667150522,0.083,0.186,9.792,4-7-19
1712,1554667150523,0.075,0.443,9.84,4-7-19
1713,1554667150524,0.081,0.102,9.778,4-7-19
1714,1554667150525,0.087,0.219,9.793,4-7-19
1715,1554667150569,0.074,0.419,9.833,4-7-19
1716,1554667151535,0.075,0.117,9.772,4-7-19
1717,1554667151536,0.087,0.213,9.796,4-7-19
1718,1554667151537,0.066,0.422,9.835,4-7-19
1719,1554667151538,0.081,0.075,9.775,4-7-19
1720,1554667151566,0.085,0.273,9.804,4-7-19
1721,1554667152553,0.072,0.39,9.828,4-7-19
1722,1554667152554,0.085,0.04,9.769,4-7-19
1723,1554667152555,0.09,0.35,9.815,4-7-19
1724,1554667152556,0.067,0.327,9.824,4-7-19
1725,1554667152585,0.082,0.046,9.762,4-7-19
1726,1554667153579,0.083,0.396,9.828,4-7-19
1727,1554667153580,0.071,0.269,9.81,4-7-19
1728,1554667153581,0.088,0.057,9.765,4-7-19
1729,1554667153582,0.082,0.43,9.84,4-7-19
1730,1554667153624,0.07,0.209,9.795,4-7-19
1731,1554667154605,0.088,0.099,9.775,4-7-19
1732,1554667154606,0.081,0.451,9.84,4-7-19
1733,1554667154607,0.069,0.153,9.79,4-7-19
1734,1554667154608,0.087,0.136,9.781,4-7-19
1735,1554667154642,0.074,0.455,9.838,4-7-19
1736,1554667155621,0.071,0.098,9.777,4-7-19
1737,1554667155622,0.094,0.219,9.797,4-7-19
1738,1554667155623,0.071,0.417,9.833,4-7-19
1739,1554667155624,0.071,0.052,9.765,4-7-19
1740,1554667155660,0.092,0.319,9.812,4-7-19
1741,1554667156647,0.062,0.343,9.819,4-7-19
1742,1554667156648,0.079,0.047,9.758,4-7-19
1743,1554667156649,0.09,0.395,9.829,4-7-19
1744,1554667156650,0.068,0.256,9.8,4-7-19
1745,1554667156679,0.083,0.078,9.763,4-7-19
1746,1554667157674,0.082,0.447,9.838,4-7-19
1747,1554667157675,0.067,0.156,9.785,4-7-19
1748,1554667157676,0.086,0.143,9.776,4-7-19
1749,1554667157677,0.078,0.446,9.842,4-7-19
1750,1554667157681,0.073,0.097,9.776,4-7-19
1751,1554667158697,0.094,0.232,9.796,4-7-19
1752,1554667158698,0.073,0.387,9.832,4-7-19
1753,1554667158700,0.075,0.081,9.773,4-7-19
1754,1554667158701,0.094,0.301,9.813,4-7-19
1755,1554667158702,0.068,0.304,9.815,4-7-19
1756,1554667159742,0.085,0.123,9.776,4-7-19
1757,1554667159743,0.087,0.321,9.82,4-7-19
1758,1554667159745,0.07,0.233,9.8,4-7-19
1759,1554667159746,0.089,0.177,9.79,4-7-19
1760,1554667159747,0.078,0.319,9.816,4-7-19
1761,1554667160744,0.073,0.198,9.796,4-7-19
1762,1554667160745,0.083,0.23,9.797,4-7-19
1763,1554667160746,0.077,0.286,9.812,4-7-19
1764,1554667160747,0.078,0.192,9.793,4-7-19
1765,1554667160752,0.084,0.264,9.805,4-7-19
1766,1554667161776,0.075,0.25,9.797,4-7-19
1767,1554667161777,0.079,0.212,9.791,4-7-19
1768,1554667161778,0.077,0.27,9.808,4-7-19
1769,1554667161779,0.076,0.223,9.798,4-7-19
1770,1554667161780,0.084,0.235,9.802,4-7-19
1771,1554667161975,0.079,0.262,9.806,4-7-19
1772,1554667162179,0.081,0.219,9.8,4-7-19
1773,1554667162383,0.08,0.246,9.805,4-7-19
1774,1554667162585,0.077,0.244,9.8,4-7-19
1775,1554667162790,0.082,0.226,9.796,4-7-19
1776,1554667162993,0.077,0.254,9.803,4-7-19
1777,1554667163494,0.081,0.232,9.795,4-7-19
1778,1554667163495,0.08,0.241,9.796,4-7-19
1779,1554667163605,0.078,0.247,9.802,4-7-19
1780,1554667164634,0.082,0.223,9.798,4-7-19
1781,1554667164635,0.08,0.248,9.8,4-7-19
1782,1554667164636,0.081,0.235,9.798,4-7-19
1783,1554667164638,0.081,0.235,9.799,4-7-19
1784,1554667164639,0.077,0.245,9.796,4-7-19
1785,1554667165678,0.08,0.232,9.798,4-7-19
1786,1554667165679,0.081,0.246,9.796,4-7-19
1787,1554667165680,0.074,0.235,9.799,4-7-19
1788,1554667165681,0.088,0.24,9.801,4-7-19
1789,1554667165682,0.074,0.239,9.799,4-7-19
1790,1554667166302,0.077,0.241,9.798,4-7-19
1791,1554667166303,0.082,0.239,9.799,4-7-19
1792,1554667166304,0.08,0.238,9.802,4-7-19
1793,1554667167501,0.078,0.234,9.794,4-7-19
1794,1554667167502,0.087,0.242,9.795,4-7-19
1795,1554667167503,0.082,0.235,9.8,4-7-19
1796,1554667167504,0.084,0.237,9.798,4-7-19
1797,1554667167505,0.079,0.231,9.798,4-7-19
1798,1554667167506,0.076,0.235,9.801,4-7-19
1799,1554667168523,0.078,0.24,9.8,4-7-19
1800,1554667168524,0.085,0.237,9.801,4-7-19
1801,1554667168525,0.077,0.239,9.803,4-7-19
1802,1554667168526,0.077,0.235,9.8,4-7-19
1803,1554667168527,0.082,0.232,9.8,4-7-19
1804,1554667169567,0.076,0.238,9.8,4-7-19
1805,1554667169568,0.084,0.236,9.797,4-7-19
1806,1554667169569,0.076,0.204,9.794,4-7-19
1807,1554667169570,0.078,0.303,9.807,4-7-19
1808,1554667169571,0.083,0.209,9.8,4-7-19
1809,1554667170573,0.077,0.163,9.798,4-7-19
1810,1554667170574,0.08,0.353,9.814,4-7-19
1811,1554667170575,0.076,0.166,9.792,4-7-19
1812,1554667170576,0.081,0.196,9.793,4-7-19
1813,1554667170577,0.077,0.344,9.82,4-7-19
1814,1554667171618,0.073,0.14,9.783,4-7-19
1815,1554667171619,0.079,0.257,9.802,4-7-19
1816,1554667171620,0.08,0.319,9.812,4-7-19
1817,1554667171621,0.075,0.099,9.772,4-7-19
1818,1554667171622,0.085,0.33,9.817,4-7-19
1819,1554667172622,0.073,0.257,9.809,4-7-19
1820,1554667172623,0.079,0.109,9.78,4-7-19
1821,1554667172624,0.082,0.369,9.824,4-7-19
1822,1554667172625,0.078,0.185,9.793,4-7-19
1823,1554667172626,0.084,0.155,9.784,4-7-19
1824,1554667172749,0.073,0.372,9.823,4-7-19
1825,1554667173445,0.08,0.142,9.788,4-7-19
1826,1554667173446,0.085,0.202,9.786,4-7-19
1827,1554667173447,0.076,0.373,9.825,4-7-19
1828,1554667174465,0.076,0.101,9.778,4-7-19
1829,1554667174466,0.081,0.263,9.803,4-7-19
1830,1554667174467,0.071,0.317,9.816,4-7-19
1831,1554667174468,0.081,0.085,9.774,4-7-19
1832,1554667174469,0.081,0.328,9.812,4-7-19
1833,1554667174586,0.075,0.263,9.802,4-7-19
1834,1554667174787,0.075,0.1,9.774,4-7-19
1835,1554667175426,0.083,0.371,9.828,4-7-19
1836,1554667175427,0.073,0.206,9.791,4-7-19
1837,1554667175429,0.087,0.125,9.78,4-7-19
1838,1554667176511,0.078,0.372,9.828,4-7-19
1839,1554667176512,0.076,0.146,9.784,4-7-19
1840,1554667176513,0.087,0.202,9.792,4-7-19
1841,1554667176514,0.07,0.352,9.818,4-7-19
1842,1554667176515,0.07,0.112,9.769,4-7-19
1843,1554667176639,0.087,0.264,9.804,4-7-19
1844,1554667177741,0.074,0.316,9.812,4-7-19
1845,1554667177742,0.075,0.098,9.776,4-7-19
1846,1554667177743,0.086,0.341,9.814,4-7-19
1847,1554667177744,0.073,0.243,9.801,4-7-19
1848,1554667177745,0.079,0.111,9.777,4-7-19
1849,1554667177861,0.072,0.367,9.821,4-7-19
1850,1554667178054,0.073,0.187,9.791,4-7-19
1851,1554667178317,0.089,0.146,9.781,4-7-19
1852,1554667178506,0.077,0.379,9.828,4-7-19
1853,1554667179587,0.073,0.122,9.782,4-7-19
1854,1554667179588,0.083,0.213,9.791,4-7-19
1855,1554667179589,0.076,0.365,9.818,4-7-19
1856,1554667179590,0.076,0.09,9.777,4-7-19
1857,1554667179591,0.085,0.282,9.806,4-7-19
1858,1554667179677,0.072,0.289,9.81,4-7-19
1859,1554667180626,0.08,0.091,9.77,4-7-19
1860,1554667180627,0.08,0.352,9.826,4-7-19
1861,1554667180629,0.075,0.227,9.798,4-7-19
1862,1554667180630,0.09,0.112,9.779,4-7-19
1863,1554667180713,0.079,0.375,9.825,4-7-19
1864,1554667181639,0.07,0.163,9.788,4-7-19
1865,1554667181640,0.08,0.166,9.789,4-7-19
1866,1554667181641,0.076,0.375,9.826,4-7-19
1867,1554667181642,0.072,0.11,9.784,4-7-19
1868,1554667181712,0.083,0.236,9.8,4-7-19
1869,1554667182653,0.069,0.35,9.823,4-7-19
1870,1554667182654,0.08,0.082,9.77,4-7-19
1871,1554667182655,0.088,0.293,9.812,4-7-19
1872,1554667182657,0.075,0.289,9.813,4-7-19
1873,1554667182729,0.079,0.081,9.771,4-7-19
1874,1554667182945,0.082,0.37,9.822,4-7-19
1875,1554667183144,0.073,0.225,9.793,4-7-19
1876,1554667183344,0.087,0.104,9.779,4-7-19
1877,1554667183556,0.077,0.393,9.83,4-7-19
1878,1554667183750,0.076,0.162,9.786,4-7-19
1879,1554667183956,0.085,0.15,9.777,4-7-19
1880,1554667184161,0.07,0.386,9.827,4-7-19
1881,1554667184362,0.077,0.112,9.778,4-7-19
1882,1554667184564,0.083,0.214,9.789,4-7-19
1883,1554667184765,0.069,0.361,9.829,4-7-19
1884,1554667185054,0.079,0.097,9.764,4-7-19
1885,1554667185257,0.085,0.385,9.816,4-7-19
1886,1554667185453,0.076,0.182,9.782,4-7-19
1887,1554667185658,0.087,0.138,9.772,4-7-19
1888,1554667185861,0.07,0.394,9.826,4-7-19
1889,1554667186064,0.078,0.13,9.78,4-7-19
1890,1554667186267,0.09,0.203,9.783,4-7-19
1891,1554667186471,0.073,0.369,9.82,4-7-19
1892,1554667186676,0.079,0.1,9.763,4-7-19
1893,1554667187142,0.073,0.228,9.796,4-7-19
1894,1554667187347,0.083,0.097,9.776,4-7-19
1895,1554667187554,0.074,0.388,9.834,4-7-19
1896,1554667187753,0.078,0.167,9.795,4-7-19
1897,1554667187970,0.084,0.147,9.782,4-7-19
1898,1554667188181,0.076,0.387,9.831,4-7-19
1899,1554667188370,0.075,0.112,9.778,4-7-19
1900,1554667188587,0.087,0.218,9.793,4-7-19
1901,1554667188778,0.076,0.364,9.826,4-7-19
1902,1554667188995,0.081,0.08,9.765,4-7-19
1903,1554667189197,0.084,0.28,9.803,4-7-19
1904,1554667189386,0.069,0.308,9.814,4-7-19
1905,1554667189604,0.076,0.073,9.763,4-7-19
1906,1554667189803,0.081,0.357,9.818,4-7-19
1907,1554667190015,0.074,0.231,9.798,4-7-19
1908,1554667190217,0.08,0.089,9.769,4-7-19
1909,1554667190407,0.072,0.402,9.823,4-7-19
1910,1554667190624,0.07,0.165,9.787,4-7-19
1911,1554667191691,0.091,0.127,9.781,4-7-19
1912,1554667191692,0.071,0.408,9.832,4-7-19
1913,1554667191693,0.073,0.127,9.779,4-7-19
1914,1554667191694,0.086,0.18,9.793,4-7-19
1915,1554667191695,0.067,0.398,9.829,4-7-19
1916,1554667192698,0.077,0.088,9.771,4-7-19
1917,1554667192699,0.078,0.238,9.796,4-7-19
1918,1554667192700,0.074,0.362,9.822,4-7-19
1919,1554667192701,0.078,0.066,9.766,4-7-19
1920,1554667192702,0.086,0.282,9.81,4-7-19
1921,1554667192869,0.069,0.334,9.818,4-7-19
1922,1554667193495,0.077,0.062,9.762,4-7-19
1923,1554667193496,0.089,0.321,9.818,4-7-19
1924,1554667193497,0.068,0.282,9.807,4-7-19
1925,1554667193662,0.08,0.058,9.772,4-7-19
1926,1554667193874,0.083,0.376,9.823,4-7-19
1927,1554667194076,0.069,0.22,9.798,4-7-19
1928,1554667194271,0.083,0.079,9.774,4-7-19
1929,1554667194477,0.076,0.418,9.825,4-7-19
1930,1554667194682,0.073,0.167,9.788,4-7-19
1931,1554667195762,0.088,0.116,9.777,4-7-19
1932,1554667195763,0.07,0.427,9.835,4-7-19
1933,1554667195764,0.079,0.125,9.778,4-7-19
1934,1554667195765,0.087,0.164,9.787,4-7-19
1935,1554667195766,0.069,0.413,9.828,4-7-19
1936,1554667196786,0.081,0.086,9.769,4-7-19
1937,1554667196787,0.086,0.219,9.794,4-7-19
1938,1554667196788,0.066,0.391,9.826,4-7-19
1939,1554667196789,0.077,0.059,9.766,4-7-19
1940,1554667196790,0.084,0.272,9.801,4-7-19
1941,1554667197819,0.066,0.335,9.821,4-7-19
1942,1554667197820,0.076,0.05,9.763,4-7-19
1943,1554667197821,0.088,0.342,9.816,4-7-19
1944,1554667197822,0.067,0.281,9.808,4-7-19
1945,1554667197823,0.083,0.061,9.763,4-7-19
1946,1554667197936,0.078,0.388,9.824,4-7-19
1947,1554667198844,0.069,0.215,9.797,4-7-19
1948,1554667198845,0.087,0.081,9.774,4-7-19
1949,1554667198846,0.072,0.42,9.83,4-7-19
1950,1554667198847,0.069,0.162,9.788,4-7-19
1951,1554667198974,0.093,0.126,9.779,4-7-19
1952,1554667199166,0.072,0.42,9.828,4-7-19
1953,1554667200271,0.08,0.103,9.775,4-7-19
1954,1554667200272,0.081,0.187,9.788,4-7-19
1955,1554667200273,0.071,0.405,9.834,4-7-19
1956,1554667200274,0.073,0.066,9.773,4-7-19
1957,1554667200277,0.092,0.238,9.8,4-7-19
1958,1554667200399,0.067,0.37,9.828,4-7-19
1959,1554667201490,0.077,0.054,9.762,4-7-19
1960,1554667201491,0.087,0.296,9.813,4-7-19
1961,1554667201492,0.07,0.322,9.813,4-7-19
1962,1554667201493,0.08,0.046,9.763,4-7-19
1963,1554667201494,0.082,0.354,9.819,4-7-19