1,1554763460649,-1.599,9.784,-0.989,4-8-19
2,1554763460851,-2.329,9.701,-0.375,4-8-19
3,1554763461054,-2.166,9.578,-0.416,4-8-19
4,1554763461256,-1.677,9.976,-0.899,4-8-19
5,1554763461463,-1.535,9.755,-1.154,4-8-19
6,1554763461666,-2.295,9.542,-1.294,4-8-19
7,1554763461878,-4.186,8.872,-0.177,4-8-19
8,1554763462082,-4.433,8.989,0.306,4-8-19
9,1554763462275,-4.284,8.894,-0.212,4-8-19
10,1554763462479,-3.591,9.25,-0.191,4-8-19
11,1554763462687,-4.178,9.027,-0.406,4-8-19
12,1554763462886,-3.894,9.046,-0.276,4-8-19
13,1554763463098,-3.512,9.327,-0.05,4-8-19
14,1554763463294,-3.629,9.277,-0.115,4-8-19
15,1554763463497,-3.514,9.237,-0.3,4-8-19
16,1554763463704,-3.297,9.382,-0.44,4-8-19
17,1554763463905,-3.474,9.289,-0.327,4-8-19
18,1554763464115,-3.364,9.324,-0.439,4-8-19
19,1554763464316,-3.323,9.348,-0.505,4-8-19
20,1554763464518,-2.998,9.676,-0.65,4-8-19
21,1554763464723,-6.257,7.354,1.024,4-8-19
22,1554763464923,-7.147,6.749,1.684,4-8-19
23,1554763465128,-6.199,7.463,0.811,4-8-19
24,1554763465329,-5.22,8.422,0.086,4-8-19
25,1554763465533,-4.655,8.719,-0.176,4-8-19
26,1554763465739,-3.97,9.026,-1.19,4-8-19
27,1554763465941,-3.985,9.03,-1.239,4-8-19
28,1554763466147,-3.603,9.189,-0.949,4-8-19
29,1554763466347,-4.139,8.918,-1.01,4-8-19
30,1554763466550,-4.155,8.972,-0.976,4-8-19
31,1554763466754,-4.062,9.035,-0.674,4-8-19
32,1554763466957,-3.799,9.169,-0.839,4-8-19
33,1554763467161,-4.207,8.9,-0.767,4-8-19
34,1554763467364,-4.17,8.965,-0.713,4-8-19
35,1554763467568,-4.292,8.933,-0.595,4-8-19
36,1554763467772,-4.426,8.836,-0.669,4-8-19
37,1554763467975,-4.394,8.847,-0.685,4-8-19
38,1554763468179,-4.445,8.875,-0.653,4-8-19
39,1554763468385,-3.938,9.024,-0.931,4-8-19
40,1554763468592,-3.848,9.077,-1.05,4-8-19
41,1554763468797,-3.914,9.072,-1.024,4-8-19
42,1554763469003,-3.901,9.011,-1.335,4-8-19
43,1554763469201,-3.775,9.083,-1.242,4-8-19
44,1554763469404,-3.818,9.068,-1.333,4-8-19
45,1554763469611,-3.97,9.001,-1.223,4-8-19
46,1554763469811,-3.983,8.993,-1.211,4-8-19
47,1554763470014,-3.901,9.045,-1.234,4-8-19
48,1554763470220,-3.956,9.003,-1.213,4-8-19
49,1554763470423,-3.846,9.07,-1.17,4-8-19
50,1554763470627,-3.972,9.001,-1.177,4-8-19
51,1554763470830,-4.018,8.979,-1.201,4-8-19
52,1554763471032,-3.97,9.028,-1.08,4-8-19
53,1554763471237,-4.03,8.987,-1.126,4-8-19
54,1554763471440,-4.042,8.982,-1.11,4-8-19
55,1554763471645,-3.929,9.033,-1.163,4-8-19
56,1554763471862,-4.056,8.995,-1.008,4-8-19
57,1554763472053,-4.15,8.927,-1.121,4-8-19
58,1554763472255,-4.219,8.907,-1.058,4-8-19
59,1554763472461,-4.081,8.949,-1.057,4-8-19
60,1554763472667,-4.123,9.064,-0.601,4-8-19
61,1554763472868,-4.143,8.924,-1.001,4-8-19
62,1554763473070,-3.987,9.086,-0.804,4-8-19
63,1554763473275,-4.239,9.118,-0.57,4-8-19
64,1554763473479,-5.7,7.792,-0.004,4-8-19
65,1554763473683,-5.347,8.357,0.793,4-8-19
66,1554763473887,-5.675,7.874,1.766,4-8-19
67,1554763474094,-5.401,8.062,2.253,4-8-19
68,1554763474292,-5.637,8.059,1.317,4-8-19
69,1554763474496,-5.787,7.823,1.547,4-8-19
70,1554763474704,-5.546,7.989,1.859,4-8-19
71,1554763474908,-5.641,8.001,1.729,4-8-19
72,1554763475105,-5.842,7.672,1.304,4-8-19
73,1554763475310,-5.003,8.591,0.479,4-8-19
74,1554763475514,-5.362,8.299,0.971,4-8-19
75,1554763475719,-5.372,8.298,1.145,4-8-19
76,1554763475923,-5.137,8.309,1.001,4-8-19
77,1554763476128,-5.205,8.391,1.378,4-8-19
78,1554763476330,-5.261,8.364,0.834,4-8-19
79,1554763476535,-5.125,8.351,1.286,4-8-19
80,1554763476736,-5.099,8.452,1.034,4-8-19
81,1554763476941,-5.034,8.518,0.655,4-8-19
82,1554763477146,-4.875,8.53,1.029,4-8-19
83,1554763477347,-4.666,8.721,0.936,4-8-19
84,1554763477554,-4.366,8.91,0.267,4-8-19
85,1554763477757,-4.383,8.789,0.862,4-8-19
86,1554763477964,-4.474,8.844,1.089,4-8-19
87,1554763478162,-4.156,9.049,0.893,4-8-19
88,1554763478366,-4.469,8.697,0.482,4-8-19
89,1554763478573,-4.289,8.967,0.739,4-8-19
90,1554763478783,-4.489,8.86,0.665,4-8-19
91,1554763478992,-4.531,8.67,0.97,4-8-19
92,1554763479182,-4.318,8.951,0.986,4-8-19
93,1554763479384,-4.437,8.828,0.472,4-8-19
94,1554763479591,-4.64,8.623,1.253,4-8-19
95,1554763479794,-4.106,9.057,1.008,4-8-19
96,1554763480005,-4.267,8.909,0.822,4-8-19
97,1554763480200,-4.307,8.807,1.438,4-8-19
98,1554763480405,-4.244,8.976,0.69,4-8-19
99,1554763480615,-4.372,8.824,1.173,4-8-19
100,1554763480809,-4.297,8.824,0.717,4-8-19
101,1554763481020,-4.095,9.08,1.016,4-8-19
102,1554763481218,-4.354,8.806,0.926,4-8-19
103,1554763481421,-4.228,8.903,1.288,4-8-19
104,1554763481629,-4.287,8.941,0.807,4-8-19
105,1554763481829,-4.354,8.806,0.911,4-8-19
106,1554763482038,-4.089,9.011,1.152,4-8-19
107,1554763482235,-4.367,8.86,0.716,4-8-19
108,1554763482439,-4.401,8.812,1.142,4-8-19
109,1554763482647,-3.984,9.051,0.941,4-8-19
110,1554763482850,-4.266,8.914,0.944,4-8-19
111,1554763483057,-4.239,8.893,1.047,4-8-19
112,1554763483258,-3.99,9.041,0.94,4-8-19
113,1554763483463,-4.038,9.005,0.906,4-8-19
114,1554763483662,-4.594,8.719,1.107,4-8-19
115,1554763483870,-4.432,8.816,0.973,4-8-19
116,1554763484079,-4.271,8.9,1.015,4-8-19
117,1554763484274,-4.234,8.912,1.075,4-8-19
118,1554763484477,-4.417,8.82,0.971,4-8-19
119,1554763484691,-4.261,8.898,1.036,4-8-19
120,1554763484887,-4.273,8.887,1.084,4-8-19
121,1554763485096,-4.371,8.84,1.001,4-8-19
122,1554763485291,-4.262,8.892,1.177,4-8-19
123,1554763485495,-4.388,8.818,1.073,4-8-19
124,1554763485704,-4.342,8.855,1.169,4-8-19
125,1554763485906,-4.317,8.851,1.083,4-8-19
126,1554763486105,-4.333,8.845,1.129,4-8-19
127,1554763486312,-4.453,8.803,1.184,4-8-19
128,1554763486513,-4.254,8.886,1.04,4-8-19
129,1554763486718,-4.37,8.822,1.135,4-8-19
130,1554763486931,-4.327,8.862,1.129,4-8-19
131,1554763487127,-4.313,8.848,1.101,4-8-19
132,1554763487330,-4.257,8.884,1.133,4-8-19
133,1554763487532,-4.258,8.887,1.113,4-8-19
134,1554763487738,-4.26,8.88,1.161,4-8-19
135,1554763487947,-4.226,8.898,1.1,4-8-19
136,1554763488154,-4.299,8.863,1.138,4-8-19
137,1554763488348,-4.28,8.869,1.209,4-8-19
138,1554763488551,-4.24,8.884,1.096,4-8-19
139,1554763488761,-4.301,8.854,1.147,4-8-19
140,1554763488965,-4.411,8.796,1.305,4-8-19
141,1554763489164,-4.249,8.917,1.02,4-8-19
142,1554763489365,-4.343,8.82,1.212,4-8-19
143,1554763489571,-4.317,8.846,0.928,4-8-19
144,1554763489772,-4.278,8.869,1.436,4-8-19
145,1554763489982,-4.341,8.857,0.812,4-8-19
146,1554763490185,-4.048,8.993,1.35,4-8-19
147,1554763490383,-4.457,8.756,1.144,4-8-19
148,1554763490587,-4.2,8.909,1.029,4-8-19
149,1554763490793,-4.215,8.938,1.362,4-8-19
150,1554763490998,-4.339,8.793,0.996,4-8-19
151,1554763491203,-4.044,9.037,1.196,4-8-19
152,1554763491400,-4.554,8.656,1.272,4-8-19
153,1554763491607,-4.222,8.918,1.373,4-8-19
154,1554763491821,-4.021,9.003,0.79,4-8-19
155,1554763492015,-4.119,8.87,1.771,4-8-19
156,1554763492217,-3.838,9.17,0.834,4-8-19
157,1554763492421,-3.999,8.91,1.154,4-8-19
158,1554763492623,-3.518,9.255,1.334,4-8-19
159,1554763492827,-3.892,8.983,1.118,4-8-19
160,1554763493030,-3.845,9.104,1.4,4-8-19
161,1554763493234,-3.944,8.989,1.015,4-8-19
162,1554763493437,-3.848,9.025,1.82,4-8-19
163,1554763493642,-3.681,9.147,0.803,4-8-19
164,1554763493846,-3.953,8.982,1.645,4-8-19
165,1554763494057,-3.797,9.102,1.113,4-8-19
166,1554763494252,-4.085,8.882,1.604,4-8-19
167,1554763494455,-3.798,9.125,1.094,4-8-19
168,1554763494664,-4.225,8.816,1.461,4-8-19
169,1554763494874,-3.914,9.038,1.3,4-8-19
170,1554763495070,-4.21,8.841,1.579,4-8-19
171,1554763495273,-3.957,9.01,1.203,4-8-19
172,1554763495474,-4.079,8.959,1.345,4-8-19
173,1554763495678,-4.239,8.811,1.44,4-8-19
174,1554763495888,-3.966,8.999,1.416,4-8-19
175,1554763496088,-4.186,8.917,1.081,4-8-19
176,1554763496290,-4.269,8.799,1.701,4-8-19
177,1554763496492,-3.974,8.98,1.28,4-8-19
178,1554763496698,-4.202,8.917,1.179,4-8-19
179,1554763496908,-4.366,8.763,1.493,4-8-19
180,1554763497114,-4.217,8.861,1.477,4-8-19
181,1554763497310,-4.293,8.86,1.229,4-8-19
182,1554763497513,-4.297,8.807,1.51,4-8-19
183,1554763497716,-4.052,8.941,1.478,4-8-19
184,1554763497922,-4.228,8.893,1.348,4-8-19
185,1554763498126,-4.216,8.847,1.507,4-8-19
186,1554763498326,-4.056,8.941,1.431,4-8-19
187,1554763498533,-4.297,8.815,1.372,4-8-19
188,1554763498735,-4.078,8.892,1.341,4-8-19
189,1554763498943,-4.002,8.972,1.458,4-8-19
190,1554763499145,-4.23,8.858,1.333,4-8-19
191,1554763499345,-4.087,8.914,1.541,4-8-19
192,1554763499561,-4.18,8.897,1.53,4-8-19
193,1554763499754,-4.187,8.873,1.402,4-8-19
194,1554763499956,-4.161,8.87,1.476,4-8-19
195,1554763500156,-4.201,8.871,1.436,4-8-19
196,1554763500361,-4.194,8.868,1.436,4-8-19
197,1554763500564,-4.009,8.964,1.493,4-8-19
198,1554763500769,-4.178,8.876,1.384,4-8-19
199,1554763500974,-4.077,8.92,1.425,4-8-19
200,1554763501176,-4.135,8.902,1.558,4-8-19
201,1554763501380,-4.137,8.897,1.358,4-8-19
202,1554763501584,-3.989,8.964,1.432,4-8-19
203,1554763501787,-4.098,8.917,1.46,4-8-19
204,1554763501994,-4.162,8.891,1.406,4-8-19
205,1554763502194,-3.76,9.064,1.405,4-8-19
206,1554763502399,-3.707,9.11,1.307,4-8-19
207,1554763502604,-3.639,9.143,1.35,4-8-19
208,1554763502808,-3.7,9.094,1.226,4-8-19
209,1554763503020,-3.71,9.113,1.358,4-8-19
210,1554763503220,-3.752,9.092,1.332,4-8-19
211,1554763503419,-3.689,9.12,1.307,4-8-19
212,1554763503626,-3.705,9.106,1.237,4-8-19
213,1554763503829,-3.777,9.081,1.295,4-8-19
214,1554763504030,-3.728,9.107,1.41,4-8-19
215,1554763504233,-3.641,9.138,1.302,4-8-19
216,1554763504437,-3.782,9.079,1.262,4-8-19
217,1554763504641,-3.627,9.142,1.335,4-8-19
218,1554763504848,-3.726,9.098,1.323,4-8-19
219,1554763505052,-3.657,9.129,1.307,4-8-19
220,1554763505249,-3.709,9.101,1.282,4-8-19
221,1554763505453,-3.782,9.073,1.454,4-8-19
222,1554763505660,-3.644,9.138,1.369,4-8-19
223,1554763505868,-3.724,9.085,1.277,4-8-19
224,1554763506081,-3.678,9.113,1.395,4-8-19
225,1554763506272,-3.736,9.098,1.327,4-8-19
226,1554763506473,-3.641,9.131,1.403,4-8-19
227,1554763506679,-3.671,9.122,1.34,4-8-19
228,1554763506880,-3.74,9.081,1.293,4-8-19
229,1554763507091,-3.615,9.139,1.346,4-8-19
230,1554763507288,-3.665,9.13,1.374,4-8-19
231,1554763507495,-3.624,9.139,1.32,4-8-19
232,1554763507701,-3.628,9.138,1.373,4-8-19
233,1554763507903,-3.698,9.101,1.322,4-8-19
234,1554763508105,-3.627,9.137,1.316,4-8-19
235,1554763508306,-3.692,9.113,1.424,4-8-19
236,1554763508509,-3.717,9.09,1.338,4-8-19
237,1554763508718,-3.708,9.088,1.381,4-8-19
238,1554763508920,-3.675,9.116,1.397,4-8-19
239,1554763509134,-3.746,9.083,1.351,4-8-19
240,1554763509325,-3.573,9.151,1.346,4-8-19
241,1554763509532,-3.672,9.122,1.37,4-8-19
242,1554763509736,-3.634,9.134,1.372,4-8-19
243,1554763509935,-3.604,9.143,1.358,4-8-19
244,1554763510140,-3.669,9.109,1.343,4-8-19
245,1554763510342,-3.546,9.168,1.364,4-8-19
246,1554763510552,-3.542,9.099,1.199,4-8-19
247,1554763510754,-2.747,9.451,1.58,4-8-19
248,1554763510958,-2.758,9.365,2.205,4-8-19
249,1554763511161,-2.922,9.238,1.909,4-8-19
250,1554763511361,-2.78,9.351,1.932,4-8-19
251,1554763511570,-2.891,9.284,2.092,4-8-19
252,1554763511772,-2.754,9.356,1.992,4-8-19
253,1554763511972,-3.216,8.959,2.212,4-8-19
254,1554763512182,-5.147,8.012,2.511,4-8-19
255,1554763512381,-5.885,7.775,2.437,4-8-19
256,1554763512585,-5.839,7.087,2.612,4-8-19
257,1554763512789,-6.484,5.07,5.406,4-8-19
258,1554763512995,-5.492,6.394,5.577,4-8-19
259,1554763513194,-6.799,5.691,4.291,4-8-19
260,1554763513501,-7.03,5.46,4.131,4-8-19
261,1554763513580,-7.223,4.817,5.404,4-8-19
262,1554763513783,-7.206,5.269,4.535,4-8-19
263,1554763513986,-5.229,6.221,4.459,4-8-19
264,1554763514190,-3.645,8.152,4.586,4-8-19
265,1554763514396,-4.263,8.246,3.577,4-8-19
266,1554763514604,-3.315,8.265,4.249,4-8-19
267,1554763514810,-3.544,7.736,5.142,4-8-19
268,1554763515019,-3.726,7.359,5.454,4-8-19
269,1554763515209,-3.291,8.1,4.911,4-8-19
270,1554763515417,-4.038,8.255,3.604,4-8-19
271,1554763515621,-4.618,8.443,2.157,4-8-19
272,1554763515819,-6.578,6.435,-0.16,4-8-19
273,1554763516023,-1.129,2.997,9.896,4-8-19
274,1554763516226,-0.886,-0.277,12.596,4-8-19
275,1554763516431,-1.656,3.584,8.543,4-8-19
276,1554763516635,-4.698,6.959,3.877,4-8-19
277,1554763516840,-6.023,7.232,2.112,4-8-19
278,1554763517044,-6.06,7.791,-0.342,4-8-19
279,1554763517246,-4.619,7.762,-0.198,4-8-19
280,1554763517450,-5.166,5.824,7.663,4-8-19
281,1554763517655,-5.639,6.063,6.311,4-8-19
282,1554763517858,-5.386,7.367,2.572,4-8-19
283,1554763518062,-5.521,8.008,0.698,4-8-19
284,1554763518268,-5.695,8.11,0.577,4-8-19
285,1554763518471,-5.269,8.337,0.141,4-8-19
286,1554763518673,-5.282,8.345,0.058,4-8-19
287,1554763518876,-5.46,8.273,0.089,4-8-19
288,1554763519081,-5.29,8.381,0.041,4-8-19
289,1554763519287,-5.117,8.451,-0.002,4-8-19
290,1554763519486,-5.377,8.29,-0.344,4-8-19
291,1554763519691,-5.367,8.31,-0.199,4-8-19
292,1554763519895,-5.556,8.194,-0.073,4-8-19
293,1554763520099,-5.609,8.187,0.097,4-8-19
294,1554763520305,-5.369,8.31,0.011,4-8-19
295,1554763520506,-5.527,8.229,0.1,4-8-19
296,1554763520709,-5.417,8.228,0.02,4-8-19
297,1554763520911,-5.669,8.157,0.039,4-8-19
298,1554763521114,-5.602,8.168,0.513,4-8-19
299,1554763521318,-5.627,8.149,0.204,4-8-19
300,1554763521527,-5.406,8.252,0.198,4-8-19
301,1554763521728,-5.344,8.341,0.409,4-8-19
302,1554763521933,-5.364,8.289,0.159,4-8-19
303,1554763522136,-5.161,8.592,0.783,4-8-19
304,1554763522338,-5.244,7.063,1.945,4-8-19
305,1554763522543,-5.206,6.28,6.61,4-8-19
306,1554763522746,-5.129,7,4.282,4-8-19
307,1554763523117,-5.6,6.724,4.589,4-8-19
308,1554763523175,-7.573,5.334,5.072,4-8-19
309,1554763523355,-6.088,6.244,3.017,4-8-19
310,1554763523559,-4.674,7.706,-0.944,4-8-19
311,1554763523763,-4.887,7.726,-1.429,4-8-19
312,1554763523968,-6.341,8.747,-2.465,4-8-19
313,1554763524173,-6.201,2.174,6.764,4-8-19
314,1554763524377,-3.01,4.266,7.689,4-8-19
315,1554763524589,-3.722,5.286,8.511,4-8-19
316,1554763524789,-1.189,-0.622,10.714,4-8-19
317,1554763524999,-0.891,-0.019,9.714,4-8-19
318,1554763525206,-0.85,-0.033,9.761,4-8-19
319,1554763525396,-0.853,-0.032,9.767,4-8-19
320,1554763525611,-0.849,-0.037,9.767,4-8-19
321,1554763525804,-0.85,-0.033,9.772,4-8-19
322,1554763526006,-0.854,-0.03,9.767,4-8-19
323,1554763526210,-0.856,-0.033,9.765,4-8-19
324,1554763526412,-0.854,-0.034,9.772,4-8-19
325,1554763526615,-0.852,-0.034,9.766,4-8-19
326,1554763526819,-0.853,-0.03,9.777,4-8-19
327,1554763527029,-0.848,-0.032,9.767,4-8-19
328,1554763527229,-0.849,-0.033,9.769,4-8-19
329,1554763527437,-0.851,-0.037,9.772,4-8-19
330,1554763527647,-0.848,-0.031,9.777,4-8-19
331,1554763527850,-0.846,-0.03,9.768,4-8-19
332,1554763528042,-0.852,-0.032,9.769,4-8-19
333,1554763528249,-0.853,-0.035,9.772,4-8-19
334,1554763528450,-0.849,-0.029,9.775,4-8-19
335,1554763528666,-0.851,-0.036,9.768,4-8-19
336,1554763528873,-0.847,-0.038,9.774,4-8-19
337,1554763529061,-0.848,-0.034,9.765,4-8-19
338,1554763529267,-0.842,-0.03,9.766,4-8-19
339,1554763530946,-0.849,-0.035,9.769,4-8-19
340,1554763530947,-0.855,-0.035,9.764,4-8-19
341,1554763530948,-0.855,-0.029,9.77,4-8-19
342,1554763530949,-0.849,-0.033,9.769,4-8-19
343,1554763530950,-0.852,-0.031,9.766,4-8-19
344,1554763530951,-0.851,-0.033,9.774,4-8-19
345,1554763530952,-0.85,-0.033,9.767,4-8-19
346,1554763530954,-0.854,-0.035,9.768,4-8-19
347,1554763531969,-0.85,-0.031,9.764,4-8-19
348,1554763531970,-0.849,-0.032,9.771,4-8-19
349,1554763531971,-0.85,-0.037,9.772,4-8-19
350,1554763531972,-0.851,-0.023,9.758,4-8-19
351,1554763531973,-0.852,-0.038,9.771,4-8-19
352,1554763532149,-0.857,-0.029,9.766,4-8-19
353,1554763532728,-0.857,-0.032,9.767,4-8-19
354,1554763532729,-0.853,-0.034,9.769,4-8-19
355,1554763532734,-0.854,-0.035,9.763,4-8-19
356,1554763533808,-0.852,-0.035,9.771,4-8-19
357,1554763533809,-0.853,-0.028,9.766,4-8-19
358,1554763533810,-0.849,-0.031,9.766,4-8-19
359,1554763533811,-0.849,-0.031,9.77,4-8-19
360,1554763533812,-0.85,-0.036,9.769,4-8-19
361,1554763534431,-0.853,-0.034,9.768,4-8-19
362,1554763534432,-0.854,-0.034,9.771,4-8-19
363,1554763534433,-0.857,-0.032,9.772,4-8-19
364,1554763534560,-0.854,-0.031,9.77,4-8-19
365,1554763534848,-0.848,-0.032,9.772,4-8-19
366,1554763534968,-0.851,-0.034,9.77,4-8-19
367,1554763535177,-0.849,-0.034,9.767,4-8-19
368,1554763535383,-0.852,-0.032,9.77,4-8-19
369,1554763535582,-0.853,-0.034,9.769,4-8-19
370,1554763535790,-0.854,-0.031,9.772,4-8-19
371,1554763535990,-0.848,-0.04,9.768,4-8-19
372,1554763536193,-0.854,-0.034,9.771,4-8-19
373,1554763536397,-0.851,-0.037,9.772,4-8-19
374,1554763536596,-0.856,-0.029,9.768,4-8-19
375,1554763537021,-0.849,-0.037,9.758,4-8-19
376,1554763537229,-0.852,-0.033,9.76,4-8-19
377,1554763537426,-0.849,-0.029,9.763,4-8-19
378,1554763537629,-0.851,-0.035,9.768,4-8-19
379,1554763537832,-0.847,-0.034,9.768,4-8-19
380,1554763538035,-0.853,-0.034,9.763,4-8-19
381,1554763538238,-0.852,-0.033,9.769,4-8-19
382,1554763538441,-0.849,-0.038,9.771,4-8-19
383,1554763538644,-0.851,-0.028,9.769,4-8-19
384,1554763538846,-0.85,-0.032,9.77,4-8-19
385,1554763539177,-0.853,-0.036,9.769,4-8-19
386,1554763539378,-0.85,-0.035,9.775,4-8-19
387,1554763539589,-0.853,-0.032,9.776,4-8-19
388,1554763539788,-0.856,-0.032,9.768,4-8-19
389,1554763539991,-0.852,-0.033,9.779,4-8-19
390,1554763540201,-0.854,-0.034,9.773,4-8-19
391,1554763540397,-0.844,-0.035,9.77,4-8-19
392,1554763540617,-0.854,-0.037,9.769,4-8-19
393,1554763540818,-0.856,-0.035,9.772,4-8-19
394,1554763541020,-0.85,-0.036,9.768,4-8-19
395,1554763541213,-0.85,-0.03,9.764,4-8-19
396,1554763541418,-0.85,-0.033,9.77,4-8-19
397,1554763541630,-0.853,-0.035,9.767,4-8-19
398,1554763541837,-0.852,-0.032,9.77,4-8-19
399,1554763542043,-0.852,-0.034,9.763,4-8-19
400,1554763542234,-0.851,-0.032,9.769,4-8-19
401,1554763542438,-0.854,-0.031,9.771,4-8-19
402,1554763542635,-0.848,-0.028,9.766,4-8-19
403,1554763543644,-0.852,-0.034,9.768,4-8-19
404,1554763543645,-0.849,-0.03,9.767,4-8-19
405,1554763543646,-0.851,-0.029,9.766,4-8-19
406,1554763543647,-0.849,-0.035,9.772,4-8-19
407,1554763543673,-0.851,-0.032,9.769,4-8-19
408,1554763543857,-0.855,-0.032,9.768,4-8-19
409,1554763544420,-0.854,-0.036,9.773,4-8-19
410,1554763544421,-0.851,-0.036,9.769,4-8-19
411,1554763544488,-0.852,-0.039,9.768,4-8-19
412,1554763545486,-0.853,-0.037,9.766,4-8-19
413,1554763545487,-0.853,-0.037,9.767,4-8-19
414,1554763545488,-0.851,-0.032,9.772,4-8-19
415,1554763545489,-0.848,-0.036,9.767,4-8-19
416,1554763545492,-0.853,-0.034,9.773,4-8-19
417,1554763547142,-0.848,-0.038,9.771,4-8-19
418,1554763547143,-0.852,-0.034,9.768,4-8-19
419,1554763547144,-0.853,-0.037,9.767,4-8-19
420,1554763547145,-0.854,-0.036,9.77,4-8-19
421,1554763547146,-0.856,-0.037,9.767,4-8-19
422,1554763547147,-0.856,-0.035,9.772,4-8-19
423,1554763547148,-0.857,-0.032,9.765,4-8-19
424,1554763547149,-0.855,-0.032,9.772,4-8-19
425,1554763548770,-0.851,-0.038,9.765,4-8-19
426,1554763548771,-0.853,-0.036,9.768,4-8-19
427,1554763548772,-0.858,-0.035,9.772,4-8-19
428,1554763548773,-0.852,-0.037,9.768,4-8-19
429,1554763548774,-0.848,-0.038,9.769,4-8-19
430,1554763548775,-0.853,-0.038,9.768,4-8-19
431,1554763548776,-0.848,-0.034,9.77,4-8-19
432,1554763548777,-0.854,-0.034,9.774,4-8-19
433,1554763549787,-0.853,-0.036,9.77,4-8-19
434,1554763549788,-0.848,-0.035,9.767,4-8-19
435,1554763549789,-0.85,-0.034,9.772,4-8-19
436,1554763549790,-0.85,-0.036,9.768,4-8-19
437,1554763549791,-0.853,-0.032,9.769,4-8-19
438,1554763550813,-0.852,-0.033,9.764,4-8-19
439,1554763550814,-0.851,-0.037,9.771,4-8-19
440,1554763550815,-0.852,-0.032,9.766,4-8-19
441,1554763550816,-0.849,-0.033,9.774,4-8-19
442,1554763550817,-0.854,-0.036,9.77,4-8-19
443,1554763551405,-0.847,-0.037,9.776,4-8-19
444,1554763551406,-0.854,-0.039,9.773,4-8-19
445,1554763551413,-0.852,-0.032,9.773,4-8-19
446,1554763552456,-0.848,-0.036,9.772,4-8-19
447,1554763552457,-0.854,-0.034,9.768,4-8-19
448,1554763552458,-0.852,-0.034,9.767,4-8-19
449,1554763552459,-0.851,-0.035,9.765,4-8-19
450,1554763552460,-0.853,-0.034,9.768,4-8-19
451,1554763553478,-0.85,-0.037,9.768,4-8-19
452,1554763553479,-0.851,-0.04,9.767,4-8-19
453,1554763553480,-0.854,-0.035,9.771,4-8-19
454,1554763553481,-0.854,-0.034,9.765,4-8-19
455,1554763553482,-0.849,-0.037,9.776,4-8-19
456,1554763554503,-0.855,-0.039,9.767,4-8-19
457,1554763554504,-0.853,-0.031,9.772,4-8-19
458,1554763554505,-0.854,-0.035,9.774,4-8-19
459,1554763554506,-0.853,-0.034,9.777,4-8-19
460,1554763554507,-0.851,-0.037,9.768,4-8-19
461,1554763554715,-0.85,-0.038,9.768,4-8-19
462,1554763554888,-0.851,-0.031,9.768,4-8-19
463,1554763555088,-0.853,-0.035,9.767,4-8-19
464,1554763555285,-0.852,-0.033,9.772,4-8-19
465,1554763555492,-0.854,-0.038,9.772,4-8-19
466,1554763555703,-0.851,-0.038,9.768,4-8-19
467,1554763555910,-0.853,-0.039,9.771,4-8-19
468,1554763556112,-0.856,-0.041,9.77,4-8-19
469,1554763556302,-0.851,-0.039,9.764,4-8-19
470,1554763556510,-0.858,-0.038,9.768,4-8-19
471,1554763556723,-0.85,-0.035,9.767,4-8-19
472,1554763556915,-0.851,-0.036,9.76,4-8-19
473,1554763557126,-0.852,-0.034,9.771,4-8-19
474,1554763557323,-0.853,-0.032,9.771,4-8-19
475,1554763557532,-0.855,-0.04,9.773,4-8-19
476,1554763557741,-0.854,-0.036,9.766,4-8-19
477,1554763558237,-0.851,-0.037,9.756,4-8-19
478,1554763558440,-0.852,-0.032,9.769,4-8-19
479,1554763558644,-0.85,-0.034,9.766,4-8-19
480,1554763558848,-0.857,-0.037,9.766,4-8-19
481,1554763559054,-0.856,-0.034,9.767,4-8-19
482,1554763559257,-0.854,-0.034,9.765,4-8-19
483,1554763559458,-0.85,-0.035,9.77,4-8-19
484,1554763559663,-0.854,-0.036,9.766,4-8-19
485,1554763559870,-0.857,-0.037,9.766,4-8-19
486,1554763560082,-0.859,-0.036,9.767,4-8-19
487,1554763560274,-0.852,-0.039,9.769,4-8-19
488,1554763560477,-0.856,-0.039,9.767,4-8-19
489,1554763560683,-0.853,-0.033,9.768,4-8-19
490,1554763560893,-0.851,-0.04,9.771,4-8-19
491,1554763561396,-0.856,-0.033,9.77,4-8-19
492,1554763561397,-0.848,-0.033,9.768,4-8-19
493,1554763561496,-0.853,-0.037,9.764,4-8-19
494,1554763562488,-0.852,-0.036,9.766,4-8-19
495,1554763562489,-0.85,-0.034,9.764,4-8-19
496,1554763562490,-0.853,-0.034,9.771,4-8-19
497,1554763562492,-0.852,-0.037,9.771,4-8-19
498,1554763562514,-0.852,-0.034,9.769,4-8-19
499,1554763563515,-0.857,-0.034,9.768,4-8-19
500,1554763563516,-0.853,-0.04,9.772,4-8-19
501,1554763563517,-0.855,-0.038,9.771,4-8-19
502,1554763563518,-0.852,-0.037,9.775,4-8-19
503,1554763563532,-0.852,-0.039,9.771,4-8-19
504,1554763564531,-0.852,-0.035,9.763,4-8-19
505,1554763564532,-0.855,-0.039,9.768,4-8-19
506,1554763564533,-0.849,-0.036,9.768,4-8-19
507,1554763564534,-0.849,-0.041,9.766,4-8-19
508,1554763564550,-0.851,-0.034,9.77,4-8-19
509,1554763565558,-0.854,-0.04,9.769,4-8-19
510,1554763565559,-0.853,-0.038,9.767,4-8-19
511,1554763565560,-0.853,-0.035,9.769,4-8-19
512,1554763565561,-0.855,-0.038,9.767,4-8-19
513,1554763565568,-0.852,-0.04,9.77,4-8-19
514,1554763566619,-0.856,-0.034,9.769,4-8-19
515,1554763566620,-0.856,-0.041,9.766,4-8-19
516,1554763566621,-0.856,-0.038,9.767,4-8-19
517,1554763566622,-0.851,-0.035,9.769,4-8-19
518,1554763566623,-0.855,-0.042,9.765,4-8-19
519,1554763567597,-0.853,-0.038,9.772,4-8-19
520,1554763567598,-0.856,-0.039,9.767,4-8-19
521,1554763567599,-0.851,-0.038,9.768,4-8-19
522,1554763567600,-0.858,-0.038,9.767,4-8-19
523,1554763567603,-0.854,-0.048,9.76,4-8-19
524,1554763568648,-0.745,-0.039,9.774,4-8-19
525,1554763568649,-0.698,-0.085,9.778,4-8-19
526,1554763568650,-0.555,-0.102,9.792,4-8-19
527,1554763568651,-0.626,-0.108,9.778,4-8-19
528,1554763568652,-0.593,-0.1,9.788,4-8-19
529,1554763569653,-0.626,-0.102,9.774,4-8-19
530,1554763569654,-0.576,-0.09,9.789,4-8-19
531,1554763569655,-0.647,-0.092,9.785,4-8-19
532,1554763569656,-0.73,-0.068,9.778,4-8-19
533,1554763569657,-0.818,-0.064,9.762,4-8-19
534,1554763575004,-0.822,-0.047,9.773,4-8-19
535,1554763575005,-0.824,-0.039,9.778,4-8-19
536,1554763575006,-0.825,-0.044,9.772,4-8-19
537,1554763575007,-0.827,-0.041,9.765,4-8-19
538,1554763575008,-0.826,-0.043,9.772,4-8-19
539,1554763575009,-0.82,-0.041,9.769,4-8-19
540,1554763575010,-0.826,-0.038,9.773,4-8-19
541,1554763575011,-0.828,-0.037,9.764,4-8-19
542,1554763575012,-0.827,-0.039,9.772,4-8-19
543,1554763575013,-0.828,-0.035,9.773,4-8-19
544,1554763575014,-0.827,-0.042,9.771,4-8-19
545,1554763575015,-0.824,-0.04,9.765,4-8-19
546,1554763575016,-0.825,-0.043,9.774,4-8-19
547,1554763575017,-0.826,-0.036,9.77,4-8-19
548,1554763575018,-0.823,-0.039,9.767,4-8-19
549,1554763575019,-0.826,-0.038,9.769,4-8-19
550,1554763575020,-0.831,-0.039,9.769,4-8-19
551,1554763575021,-0.825,-0.039,9.772,4-8-19
552,1554763575022,-0.83,-0.043,9.767,4-8-19
553,1554763575023,-0.825,-0.04,9.773,4-8-19
554,1554763575024,-0.827,-0.04,9.772,4-8-19
555,1554763575025,-0.825,-0.038,9.773,4-8-19
556,1554763575026,-0.825,-0.04,9.771,4-8-19
557,1554763575027,-0.827,-0.043,9.769,4-8-19
558,1554763575028,-0.822,-0.041,9.765,4-8-19
559,1554763575029,-0.828,-0.037,9.771,4-8-19
560,1554763575144,-0.828,-0.04,9.771,4-8-19
561,1554763576828,-0.825,-0.045,9.77,4-8-19
562,1554763576829,-0.822,-0.041,9.768,4-8-19
563,1554763576830,-0.828,-0.039,9.77,4-8-19
564,1554763576831,-0.828,-0.046,9.771,4-8-19
565,1554763576832,-0.83,-0.039,9.77,4-8-19
566,1554763576833,-0.825,-0.044,9.771,4-8-19
567,1554763576834,-0.831,-0.048,9.767,4-8-19
568,1554763576835,-0.828,-0.042,9.774,4-8-19
569,1554763577462,-0.827,-0.042,9.772,4-8-19
570,1554763577463,-0.829,-0.038,9.772,4-8-19
571,1554763577464,-0.829,-0.039,9.769,4-8-19
572,1554763577588,-0.827,-0.039,9.772,4-8-19
573,1554763578659,-0.828,-0.04,9.774,4-8-19
574,1554763578660,-0.828,-0.042,9.77,4-8-19
575,1554763578661,-0.829,-0.041,9.763,4-8-19
576,1554763578662,-0.834,-0.034,9.766,4-8-19
577,1554763578663,-0.832,-0.039,9.766,4-8-19
578,1554763579705,-0.83,-0.045,9.769,4-8-19
579,1554763579706,-0.83,-0.04,9.769,4-8-19
580,1554763579707,-0.828,-0.043,9.772,4-8-19
581,1554763579708,-0.829,-0.037,9.774,4-8-19
582,1554763579709,-0.827,-0.04,9.771,4-8-19
583,1554763579828,-0.83,-0.037,9.774,4-8-19
584,1554763585028,-0.826,-0.041,9.766,4-8-19
585,1554763585029,-0.827,-0.042,9.776,4-8-19
586,1554763585030,-0.831,-0.038,9.773,4-8-19
587,1554763585031,-0.829,-0.043,9.768,4-8-19
588,1554763585032,-0.826,-0.036,9.765,4-8-19
589,1554763585033,-0.832,-0.04,9.772,4-8-19
590,1554763585034,-0.832,-0.043,9.776,4-8-19
591,1554763585035,-0.828,-0.041,9.766,4-8-19
592,1554763585036,-0.829,-0.04,9.774,4-8-19
593,1554763585037,-0.83,-0.036,9.771,4-8-19
594,1554763585038,-0.832,-0.037,9.769,4-8-19
595,1554763585039,-0.829,-0.036,9.771,4-8-19
596,1554763585040,-0.83,-0.042,9.766,4-8-19
597,1554763585041,-0.83,-0.041,9.766,4-8-19
598,1554763585042,-0.833,-0.035,9.77,4-8-19
599,1554763585043,-0.825,-0.038,9.766,4-8-19
600,1554763585044,-0.826,-0.042,9.772,4-8-19
601,1554763585045,-0.83,-0.042,9.767,4-8-19
602,1554763585046,-0.834,-0.044,9.774,4-8-19
603,1554763585047,-0.827,-0.038,9.772,4-8-19
604,1554763585048,-0.831,-0.038,9.781,4-8-19
605,1554763585049,-0.826,-0.038,9.772,4-8-19
606,1554763585050,-0.83,-0.039,9.774,4-8-19
607,1554763585051,-0.827,-0.038,9.768,4-8-19
608,1554763585052,-0.827,-0.04,9.771,4-8-19
609,1554763585125,-0.828,-0.037,9.769,4-8-19
610,1554763586264,-0.831,-0.036,9.774,4-8-19
611,1554763586265,-0.826,-0.037,9.766,4-8-19
612,1554763586266,-0.827,-0.038,9.766,4-8-19
613,1554763586267,-0.829,-0.038,9.768,4-8-19
614,1554763586268,-0.828,-0.039,9.769,4-8-19
615,1554763586346,-0.833,-0.039,9.772,4-8-19
616,1554763587271,-0.831,-0.035,9.774,4-8-19
617,1554763587272,-0.83,-0.037,9.774,4-8-19
618,1554763587273,-0.832,-0.041,9.772,4-8-19
619,1554763587274,-0.83,-0.044,9.776,4-8-19
620,1554763587365,-0.826,-0.04,9.773,4-8-19
621,1554763588298,-0.827,-0.04,9.767,4-8-19
622,1554763588299,-0.831,-0.039,9.774,4-8-19
623,1554763588300,-0.829,-0.045,9.765,4-8-19
624,1554763588301,-0.828,-0.04,9.77,4-8-19
625,1554763588383,-0.831,-0.041,9.769,4-8-19
626,1554763589313,-0.832,-0.036,9.766,4-8-19
627,1554763589314,-0.832,-0.041,9.771,4-8-19
628,1554763589315,-0.83,-0.038,9.766,4-8-19
629,1554763589316,-0.832,-0.036,9.773,4-8-19
630,1554763589402,-0.83,-0.035,9.77,4-8-19
631,1554763590338,-0.829,-0.039,9.764,4-8-19
632,1554763590339,-0.828,-0.043,9.77,4-8-19
633,1554763590340,-0.829,-0.038,9.77,4-8-19
634,1554763590341,-0.826,-0.041,9.772,4-8-19
635,1554763590421,-0.828,-0.039,9.765,4-8-19
636,1554763591367,-0.83,-0.043,9.767,4-8-19
637,1554763591368,-0.833,-0.037,9.766,4-8-19
638,1554763591369,-0.829,-0.036,9.77,4-8-19
639,1554763591370,-0.827,-0.037,9.768,4-8-19
640,1554763887873,-2.725,0.212,6.939,4-8-19
641,1554763888076,-0.147,2.813,9.764,4-8-19
642,1554763888281,1.102,3.873,9.377,4-8-19
643,1554763888484,1.901,3.859,8.81,4-8-19
644,1554763888688,1.85,3.988,8.839,4-8-19
645,1554763888891,1.578,3.679,8.749,4-8-19
646,1554763889095,1.401,2.2,8.83,4-8-19
647,1554763889299,2.227,1.009,10.692,4-8-19
648,1554763889503,1.14,3.081,8.157,4-8-19
649,1554763889712,1.594,3.656,8.773,4-8-19
650,1554763889910,1.571,3.274,7.028,4-8-19
651,1554763890114,0.483,2.379,6.959,4-8-19
652,1554763890318,-0.368,-1.219,13.582,4-8-19
653,1554763890521,-1.948,-1.293,9.9,4-8-19
654,1554763890726,-4.354,-0.501,8.639,4-8-19
655,1554763890930,-1.255,0.634,8.519,4-8-19
656,1554763891134,0.296,0.979,9.704,4-8-19
657,1554763891336,0.289,0.953,9.753,4-8-19
658,1554763891541,0.284,0.957,9.755,4-8-19
659,1554763891745,0.284,0.955,9.75,4-8-19
660,1554763891950,0.287,0.953,9.751,4-8-19
661,1554763892152,0.288,0.958,9.752,4-8-19
662,1554763892355,0.286,0.959,9.758,4-8-19
663,1554763892559,0.285,0.957,9.749,4-8-19
664,1554763892763,0.29,0.952,9.752,4-8-19
665,1554763892967,0.282,0.954,9.759,4-8-19
666,1554763893174,0.286,0.952,9.753,4-8-19
667,1554763893375,0.288,0.957,9.759,4-8-19
668,1554763893579,0.284,0.955,9.753,4-8-19
669,1554763893782,0.283,0.953,9.756,4-8-19
670,1554763893987,0.288,0.955,9.752,4-8-19
671,1554763894189,0.288,0.954,9.756,4-8-19
672,1554763894396,0.282,0.959,9.758,4-8-19
673,1554763894597,0.282,0.957,9.758,4-8-19
674,1554763894800,0.29,0.954,9.752,4-8-19
675,1554763895008,0.291,0.958,9.753,4-8-19
676,1554763895210,0.294,0.958,9.757,4-8-19
677,1554763895415,0.288,0.948,9.754,4-8-19
678,1554763895620,0.287,0.952,9.757,4-8-19
679,1554763895821,0.285,0.954,9.756,4-8-19
680,1554763896026,0.29,0.955,9.75,4-8-19
681,1554763896231,0.286,0.954,9.755,4-8-19
682,1554763896431,0.286,0.953,9.748,4-8-19
683,1554763896635,0.292,0.956,9.756,4-8-19
684,1554763896840,0.289,0.957,9.753,4-8-19
685,1554763897045,0.284,0.955,9.757,4-8-19
686,1554763897247,0.29,0.957,9.756,4-8-19
687,1554763897449,0.286,0.952,9.755,4-8-19
688,1554763897656,0.287,0.954,9.761,4-8-19
689,1554763897857,0.287,0.954,9.757,4-8-19
690,1554763898063,0.289,0.956,9.749,4-8-19
691,1554763898264,0.284,0.954,9.758,4-8-19
692,1554763898471,0.286,0.956,9.747,4-8-19
693,1554763898681,0.287,0.956,9.753,4-8-19
694,1554763898887,0.288,0.953,9.76,4-8-19
695,1554763899082,0.289,0.95,9.748,4-8-19
696,1554763899286,0.288,0.955,9.751,4-8-19
697,1554763899490,0.287,0.95,9.751,4-8-19
698,1554763899690,0.286,0.958,9.761,4-8-19
699,1554763899894,0.285,0.954,9.758,4-8-19
700,1554763900101,0.283,0.954,9.755,4-8-19
701,1554763900301,0.286,0.958,9.759,4-8-19
702,1554763900505,0.288,0.953,9.753,4-8-19
703,1554763900712,0.29,0.955,9.752,4-8-19
704,1554763900918,0.281,0.957,9.753,4-8-19
705,1554763901121,0.291,0.955,9.761,4-8-19
706,1554763901320,0.289,0.954,9.754,4-8-19
707,1554763901524,0.285,0.955,9.759,4-8-19
708,1554763901728,0.285,0.957,9.757,4-8-19
709,1554763901940,0.288,0.96,9.755,4-8-19
710,1554763902140,0.288,0.954,9.757,4-8-19
711,1554763902339,0.287,0.959,9.757,4-8-19
712,1554763902543,0.285,0.956,9.756,4-8-19
713,1554763902750,0.28,0.953,9.758,4-8-19
714,1554763902951,0.287,0.951,9.752,4-8-19
715,1554763903157,0.283,0.954,9.753,4-8-19
716,1554763903364,0.287,0.959,9.751,4-8-19
717,1554763903564,0.288,0.953,9.758,4-8-19
718,1554763903767,0.291,0.956,9.751,4-8-19
719,1554763903983,0.288,0.951,9.752,4-8-19
720,1554763904178,0.281,0.958,9.757,4-8-19
721,1554763904376,0.288,0.955,9.756,4-8-19
722,1554763904590,0.288,0.952,9.756,4-8-19
723,1554763904788,0.28,0.953,9.748,4-8-19
724,1554763904990,0.282,0.953,9.754,4-8-19
725,1554763905192,0.286,0.951,9.754,4-8-19
726,1554763905402,0.284,0.953,9.755,4-8-19
727,1554763905600,0.283,0.952,9.757,4-8-19
728,1554763905806,0.288,0.952,9.753,4-8-19
729,1554763906007,0.284,0.95,9.748,4-8-19
730,1554763906213,0.282,0.953,9.757,4-8-19
731,1554763906414,0.285,0.954,9.752,4-8-19
732,1554763906621,0.286,0.959,9.754,4-8-19
733,1554763906826,0.287,0.95,9.751,4-8-19
734,1554763907026,0.279,0.95,9.76,4-8-19
735,1554763907229,0.287,0.952,9.756,4-8-19
736,1554763907435,0.285,0.954,9.754,4-8-19
737,1554763907636,0.282,0.955,9.755,4-8-19
738,1554763907845,0.286,0.951,9.759,4-8-19
739,1554763908055,0.284,0.953,9.758,4-8-19
740,1554763908248,0.287,0.953,9.754,4-8-19
741,1554763908450,0.28,0.951,9.753,4-8-19
742,1554763908944,0.283,0.951,9.753,4-8-19
743,1554763909147,0.287,0.952,9.758,4-8-19
744,1554763909351,0.281,0.951,9.756,4-8-19
745,1554763909555,0.283,0.953,9.753,4-8-19
746,1554763909759,0.288,0.956,9.754,4-8-19
747,1554763909962,0.286,0.958,9.756,4-8-19
748,1554763910166,0.291,0.953,9.758,4-8-19
749,1554763910369,0.29,0.954,9.748,4-8-19
750,1554763910575,0.284,0.951,9.755,4-8-19
751,1554763910775,0.29,0.952,9.757,4-8-19
752,1554763910992,0.283,0.952,9.754,4-8-19
753,1554763911188,0.289,0.953,9.758,4-8-19
754,1554763911390,0.288,0.95,9.753,4-8-19
755,1554763911591,0.29,0.953,9.755,4-8-19
756,1554763911796,0.285,0.951,9.755,4-8-19
757,1554763912008,0.288,0.955,9.757,4-8-19
758,1554763912204,0.281,0.952,9.754,4-8-19
759,1554763912417,0.285,0.96,9.757,4-8-19
760,1554763912613,0.289,0.955,9.753,4-8-19
761,1554763912829,0.28,0.954,9.757,4-8-19
762,1554763913032,0.288,0.952,9.748,4-8-19
763,1554763913230,0.287,0.955,9.75,4-8-19
764,1554763913427,0.286,0.953,9.754,4-8-19
765,1554763913629,0.284,0.95,9.749,4-8-19
766,1554763913833,0.289,0.951,9.757,4-8-19
767,1554763914045,0.286,0.952,9.749,4-8-19
768,1554763914242,0.287,0.952,9.756,4-8-19
769,1554763914448,0.285,0.951,9.756,4-8-19
770,1554763914646,0.283,0.954,9.757,4-8-19
771,1554763914853,0.288,0.955,9.752,4-8-19
772,1554763915053,0.288,0.953,9.758,4-8-19
773,1554763915265,0.29,0.954,9.76,4-8-19
774,1554763915464,0.281,0.954,9.754,4-8-19
775,1554763915665,0.288,0.953,9.747,4-8-19
776,1554763915872,0.284,0.951,9.748,4-8-19
777,1554763916089,0.28,0.957,9.758,4-8-19
778,1554763916277,0.288,0.955,9.756,4-8-19
779,1554763916481,0.293,0.951,9.76,4-8-19
780,1554763916694,0.287,0.948,9.756,4-8-19
781,1554763916905,0.288,0.951,9.751,4-8-19
782,1554763917100,0.284,0.951,9.755,4-8-19
783,1554763917296,0.284,0.953,9.766,4-8-19
784,1554763917505,0.289,0.951,9.754,4-8-19
785,1554763917711,0.284,0.951,9.753,4-8-19
786,1554763917908,0.288,0.953,9.752,4-8-19
787,1554763918111,0.29,0.953,9.751,4-8-19
788,1554763918315,0.288,0.949,9.752,4-8-19
789,1554763918519,0.285,0.952,9.752,4-8-19
790,1554763918724,0.281,0.957,9.756,4-8-19
791,1554763918927,0.285,0.95,9.76,4-8-19
792,1554763919131,0.285,0.954,9.752,4-8-19
793,1554763919335,0.288,0.953,9.762,4-8-19
794,1554763919537,0.289,0.955,9.753,4-8-19
795,1554763919741,0.29,0.953,9.748,4-8-19
796,1554763919956,0.283,0.953,9.753,4-8-19
797,1554763920151,0.283,0.956,9.756,4-8-19
798,1554763920361,0.287,0.954,9.754,4-8-19
799,1554763920565,0.291,0.949,9.755,4-8-19
800,1554763920762,0.279,0.954,9.76,4-8-19
801,1554763920979,0.28,0.953,9.758,4-8-19
802,1554763921172,0.093,0.236,9.961,4-8-19
803,1554763921374,-0.204,-0.328,10.837,4-8-19
804,1554763921584,-0.289,0.19,13.965,4-8-19
805,1554763921792,-2.284,2.314,5.556,4-8-19
806,1554763921982,-1.806,3.597,8.749,4-8-19
807,1554763922184,-0.772,3.021,9.252,4-8-19
808,1554763922391,-2.442,2.697,8.979,4-8-19
809,1554763922594,-2.502,3.744,8.395,4-8-19
810,1554763922797,-1.761,4.036,9.464,4-8-19
811,1554763923001,0.066,2.146,9.725,4-8-19
812,1554763923204,-1.27,2.579,9.441,4-8-19
813,1554763923410,-1.268,3.051,8.73,4-8-19
814,1554763923611,-2.397,4.467,9.365,4-8-19
815,1554763923819,-1.218,2.562,9.52,4-8-19
816,1554763924023,-0.883,4.001,8.646,4-8-19
817,1554763924223,-0.613,4.972,8.258,4-8-19
818,1554763924436,0.101,5.038,9.369,4-8-19
819,1554763924635,-0.806,4.708,8.207,4-8-19
820,1554763924835,-0.252,5.61,7.743,4-8-19
821,1554763925038,-1.601,5.153,8.778,4-8-19
822,1554763925244,-2.315,4.091,8.83,4-8-19
823,1554763925445,-0.325,4.288,7.585,4-8-19
824,1554763925651,-1.828,3.765,8.849,4-8-19
825,1554763925856,-0.088,2.833,10.563,4-8-19
826,1554763926056,0.531,2.501,9.481,4-8-19
827,1554763926265,0.187,3.497,8.202,4-8-19
828,1554763926469,0.957,3.958,9.524,4-8-19
829,1554763926667,0.813,2.296,10.622,4-8-19
830,1554763926874,0.867,1.312,9.28,4-8-19
831,1554763927078,0.279,0.881,8.199,4-8-19
832,1554763927280,-0.762,-1.485,11.268,4-8-19
833,1554763927484,-0.372,0.274,10.344,4-8-19
834,1554763927687,-0.147,-1.232,10.193,4-8-19
835,1554763927895,-0.844,1.727,8.443,4-8-19
836,1554763928093,-2.71,1.215,10.615,4-8-19
837,1554763928298,-2.056,2.049,9.071,4-8-19
838,1554763928503,-1.404,5.128,6.924,4-8-19
839,1554763928706,-1.175,5.707,7.532,4-8-19
840,1554763928912,-0.777,6.165,8.838,4-8-19
841,1554763929112,0.574,5.374,8.207,4-8-19
842,1554763929316,1.88,4.801,7.883,4-8-19
843,1554763929520,0.306,5.408,7.836,4-8-19
844,1554763929724,-0.581,5.119,9.821,4-8-19
845,1554763929927,-0.707,3.75,8.399,4-8-19
846,1554763930148,-0.48,3.952,9.114,4-8-19
847,1554763930336,-0.311,4.336,8.76,4-8-19
848,1554763930542,1.04,3.764,9.038,4-8-19
849,1554763930743,1.36,1.122,10.095,4-8-19
850,1554763930945,1.828,2.636,9.577,4-8-19
851,1554763931160,2.259,3.828,9.259,4-8-19
852,1554763931354,1.152,0.652,9.86,4-8-19
853,1554763931561,0.481,0.142,8.016,4-8-19
854,1554763931779,2.608,2.954,7.01,4-8-19
855,1554763931968,4.724,-1.337,10.207,4-8-19
856,1554763932294,3.521,-2.98,9.868,4-8-19
857,1554763932493,4.489,-1.673,9.304,4-8-19
858,1554763932698,5.451,-1.385,8.241,4-8-19
859,1554763932901,3.554,-0.515,8.834,4-8-19
860,1554763933107,1.231,0.522,9.841,4-8-19
861,1554763933308,-0.033,0.239,9.794,4-8-19
862,1554763933512,-0.032,0.236,9.793,4-8-19
863,1554763933716,-0.03,0.237,9.794,4-8-19
864,1554763933918,-0.031,0.242,9.791,4-8-19
865,1554763934123,-0.029,0.241,9.794,4-8-19
866,1554763934335,-0.034,0.233,9.79,4-8-19
867,1554763934530,-0.035,0.237,9.798,4-8-19
868,1554763934735,-0.033,0.237,9.794,4-8-19
869,1554763934939,-0.03,0.238,9.789,4-8-19
870,1554763935141,-0.028,0.241,9.793,4-8-19
871,1554763935348,-0.029,0.236,9.793,4-8-19
872,1554763935547,-0.033,0.235,9.797,4-8-19
873,1554763935960,-0.03,0.239,9.783,4-8-19
874,1554763936169,-0.032,0.234,9.794,4-8-19
875,1554763936365,-0.028,0.242,9.793,4-8-19
876,1554763936567,-0.033,0.236,9.795,4-8-19
877,1554763936777,-0.03,0.237,9.797,4-8-19
878,1554763936981,-0.032,0.237,9.794,4-8-19
879,1554763937181,-0.032,0.235,9.792,4-8-19
880,1554763937385,-0.032,0.236,9.792,4-8-19
881,1554763937587,-0.035,0.239,9.797,4-8-19
882,1554763937801,-0.033,0.239,9.793,4-8-19
883,1554763938004,-0.03,0.238,9.791,4-8-19
884,1554763938201,-0.032,0.237,9.793,4-8-19
885,1554763938401,-0.033,0.238,9.797,4-8-19
886,1554763938615,-0.035,0.238,9.795,4-8-19
887,1554763938811,-0.035,0.242,9.798,4-8-19
888,1554763939013,-0.028,0.234,9.797,4-8-19
889,1554763939224,-0.036,0.235,9.798,4-8-19
890,1554763939421,-0.033,0.235,9.794,4-8-19
891,1554763939626,-0.035,0.238,9.791,4-8-19
892,1554763939831,-0.031,0.235,9.793,4-8-19
893,1554763940034,-0.033,0.237,9.796,4-8-19
894,1554763940240,-0.033,0.237,9.799,4-8-19
895,1554763940441,-0.033,0.236,9.796,4-8-19
896,1554763940647,-0.027,0.241,9.792,4-8-19
897,1554763940853,-0.033,0.236,9.793,4-8-19
898,1554763941065,-0.033,0.242,9.796,4-8-19
899,1554763941260,-0.034,0.238,9.793,4-8-19
900,1554763941470,-0.027,0.241,9.795,4-8-19
901,1554763941660,-0.03,0.246,9.79,4-8-19
902,1554763941869,-0.034,0.238,9.792,4-8-19
903,1554763942073,-0.036,0.242,9.793,4-8-19
904,1554763942276,-0.029,0.239,9.796,4-8-19
905,1554763942476,-0.031,0.242,9.793,4-8-19
906,1554763942682,-0.028,0.244,9.796,4-8-19
907,1554763942897,-0.031,0.241,9.794,4-8-19
908,1554763943091,-0.034,0.24,9.793,4-8-19
909,1554763943299,-0.034,0.237,9.793,4-8-19
910,1554763943495,-0.033,0.238,9.797,4-8-19
911,1554763943702,-0.033,0.243,9.788,4-8-19
912,1554763943906,-0.031,0.235,9.793,4-8-19
913,1554763944107,-0.033,0.244,9.79,4-8-19
914,1554763944312,-0.035,0.237,9.797,4-8-19
915,1554763944514,-0.034,0.242,9.792,4-8-19
916,1554763944716,-0.03,0.237,9.795,4-8-19
917,1554763944927,-0.026,0.24,9.793,4-8-19
918,1554763945128,-0.031,0.241,9.801,4-8-19
919,1554763945332,-0.033,0.234,9.792,4-8-19
920,1554763945533,-0.032,0.244,9.79,4-8-19
921,1554763945736,-0.026,0.241,9.795,4-8-19
922,1554763945944,-0.032,0.234,9.791,4-8-19
923,1554763946149,-0.03,0.235,9.798,4-8-19
924,1554763946348,-0.031,0.234,9.794,4-8-19
925,1554763946551,-0.026,0.235,9.794,4-8-19
926,1554763946758,-0.032,0.235,9.794,4-8-19
927,1554763946970,-0.027,0.241,9.791,4-8-19
928,1554763947164,-0.032,0.244,9.785,4-8-19
929,1554763947365,-0.036,0.239,9.795,4-8-19
930,1554763947570,-0.034,0.231,9.792,4-8-19
931,1554763947776,-0.029,0.247,9.789,4-8-19
932,1554763947978,-0.024,0.236,9.79,4-8-19
933,1554763948192,-0.034,0.235,9.798,4-8-19
934,1554763948384,-0.031,0.241,9.794,4-8-19
935,1554763948589,-0.034,0.237,9.797,4-8-19
936,1554763948794,-0.035,0.235,9.798,4-8-19
937,1554763948999,-0.031,0.232,9.793,4-8-19
938,1554763949200,-0.033,0.238,9.793,4-8-19
939,1554763949403,-0.033,0.239,9.788,4-8-19
940,1554763949606,-0.029,0.238,9.789,4-8-19
941,1554763949814,-0.034,0.239,9.796,4-8-19
942,1554763950018,-0.024,0.24,9.795,4-8-19
943,1554763950228,-0.031,0.242,9.789,4-8-19
944,1554763950425,-0.032,0.239,9.795,4-8-19
945,1554763950626,-0.036,0.239,9.795,4-8-19
946,1554763950830,-0.025,0.241,9.79,4-8-19
947,1554763951032,-0.026,0.236,9.791,4-8-19
948,1554763951240,-0.028,0.242,9.797,4-8-19
949,1554763951440,-0.03,0.242,9.794,4-8-19
950,1554763951644,-0.031,0.236,9.796,4-8-19
951,1554763951857,-0.026,0.234,9.797,4-8-19
952,1554763952053,-0.029,0.242,9.791,4-8-19
953,1554763952257,-0.028,0.241,9.794,4-8-19
954,1554763952459,-0.029,0.239,9.791,4-8-19
955,1554763952663,-0.028,0.24,9.794,4-8-19
956,1554763952866,-0.028,0.239,9.794,4-8-19
957,1554763953072,-0.033,0.237,9.79,4-8-19
958,1554763953277,-0.028,0.241,9.788,4-8-19
959,1554763953478,-0.031,0.237,9.798,4-8-19
960,1554763953685,-0.03,0.239,9.786,4-8-19
961,1554763953888,-0.025,0.242,9.794,4-8-19
962,1554763954093,-0.018,0.246,9.791,4-8-19
963,1554763954301,-0.036,0.24,9.791,4-8-19
964,1554763954498,-0.041,0.229,9.79,4-8-19
965,1554763954701,-0.038,0.231,9.791,4-8-19
966,1554763954906,-0.033,0.236,9.79,4-8-19
967,1554763955108,-0.03,0.235,9.79,4-8-19
968,1554763955316,-0.033,0.239,9.792,4-8-19
969,1554763955515,-0.035,0.236,9.789,4-8-19
970,1554763955733,-0.035,0.235,9.791,4-8-19
971,1554763955931,-0.034,0.233,9.789,4-8-19
972,1554763956127,-0.036,0.23,9.796,4-8-19
973,1554763956336,-0.038,0.238,9.796,4-8-19
974,1554763956536,-0.031,0.232,9.793,4-8-19
975,1554763956742,-0.03,0.235,9.786,4-8-19
976,1554763956942,-0.036,0.236,9.789,4-8-19
977,1554763957147,-0.036,0.234,9.798,4-8-19
978,1554763957354,-0.029,0.233,9.789,4-8-19
979,1554763957553,-0.035,0.234,9.793,4-8-19
980,1554763957756,-0.033,0.235,9.79,4-8-19
981,1554763957960,-0.034,0.234,9.788,4-8-19
982,1554763958166,-0.034,0.239,9.79,4-8-19
983,1554763958368,-0.033,0.23,9.79,4-8-19
984,1554763958570,-0.03,0.236,9.79,4-8-19
985,1554763958775,-0.038,0.235,9.788,4-8-19
986,1554763958983,-0.036,0.232,9.793,4-8-19
987,1554763959181,-0.034,0.233,9.795,4-8-19
988,1554763959391,-0.038,0.235,9.787,4-8-19
989,1554763959590,-0.026,0.233,9.79,4-8-19
990,1554763959793,-0.033,0.228,9.788,4-8-19
991,1554763960011,-0.039,0.234,9.795,4-8-19
992,1554763960202,-0.029,0.233,9.785,4-8-19
993,1554763960405,-0.032,0.229,9.793,4-8-19
994,1554763960608,-0.032,0.233,9.797,4-8-19
995,1554763960823,-0.039,0.235,9.795,4-8-19
996,1554763961020,-0.032,0.23,9.792,4-8-19
997,1554763961221,-0.031,0.231,9.789,4-8-19
998,1554763961423,-0.029,0.235,9.789,4-8-19
999,1554763961627,-0.037,0.229,9.79,4-8-19
1000,1554763961831,-0.038,0.232,9.793,4-8-19
1001,1554763962034,-0.037,0.23,9.792,4-8-19
1002,1554763962251,-0.039,0.23,9.798,4-8-19
1003,1554763962444,-0.033,0.233,9.79,4-8-19
1004,1554763962646,-0.036,0.235,9.792,4-8-19
1005,1554763962851,-0.032,0.235,9.788,4-8-19
1006,1554763963065,-0.032,0.236,9.785,4-8-19
1007,1554763963261,-0.034,0.234,9.789,4-8-19
1008,1554763963460,-0.036,0.235,9.792,4-8-19
1009,1554763963663,-0.041,0.234,9.791,4-8-19
1010,1554763963868,-0.031,0.228,9.791,4-8-19
1011,1554763964076,-0.035,0.233,9.789,4-8-19
1012,1554763964276,-0.035,0.231,9.786,4-8-19
1013,1554763964483,-0.03,0.235,9.793,4-8-19
1014,1554763964693,-0.032,0.233,9.795,4-8-19
1015,1554763964887,-0.038,0.236,9.792,4-8-19
1016,1554763965089,-0.033,0.235,9.796,4-8-19
1017,1554763965296,-0.035,0.233,9.792,4-8-19
1018,1554763965498,-0.033,0.232,9.796,4-8-19
1019,1554763965703,-0.027,0.233,9.788,4-8-19
1020,1554763965904,-0.035,0.235,9.798,4-8-19
1021,1554763966108,-0.031,0.234,9.8,4-8-19
1022,1554763966323,-0.022,0.229,9.787,4-8-19
1023,1554763966516,-0.043,0.233,9.793,4-8-19
1024,1554763966724,-0.022,0.237,9.795,4-8-19
1025,1554763966923,-0.031,0.233,9.789,4-8-19
1026,1554763967126,-0.028,0.235,9.789,4-8-19
1027,1554763967334,-0.031,0.233,9.793,4-8-19
1028,1554763967538,-0.031,0.23,9.793,4-8-19
1029,1554763967740,-0.035,0.235,9.795,4-8-19
1030,1554763967955,-0.029,0.235,9.789,4-8-19
1031,1554763968148,-0.033,0.235,9.794,4-8-19
1032,1554763968350,-0.032,0.239,9.791,4-8-19
1033,1554763968554,-0.034,0.235,9.793,4-8-19
1034,1554763968990,-0.028,0.235,9.789,4-8-19
1035,1554763969197,-0.03,0.239,9.783,4-8-19
1036,1554763969400,-0.033,0.229,9.779,4-8-19
1037,1554763969602,-0.021,0.237,9.787,4-8-19
1038,1554763969806,-0.03,0.233,9.784,4-8-19
1039,1554763970011,-0.03,0.231,9.795,4-8-19
1040,1554763970209,-0.028,0.23,9.789,4-8-19
1041,1554763970413,-0.028,0.237,9.79,4-8-19
1042,1554763970616,-0.031,0.234,9.788,4-8-19
1043,1554763970813,-0.033,0.235,9.788,4-8-19
1044,1554763971154,-0.033,0.239,9.793,4-8-19
1045,1554763971356,-0.029,0.235,9.788,4-8-19
1046,1554763971573,-0.03,0.232,9.799,4-8-19
1047,1554763971769,-0.031,0.231,9.799,4-8-19
1048,1554763971979,-0.03,0.231,9.793,4-8-19
1049,1554763972175,-0.037,0.236,9.797,4-8-19
1050,1554763972375,-0.028,0.234,9.796,4-8-19
1051,1554763972582,-0.03,0.229,9.791,4-8-19
1052,1554763972793,-0.031,0.229,9.786,4-8-19
1053,1554763972997,-0.034,0.234,9.79,4-8-19
1054,1554763973201,-0.027,0.233,9.789,4-8-19
1055,1554763973394,-0.042,0.231,9.789,4-8-19
1056,1554763973607,-0.029,0.238,9.792,4-8-19
1057,1554763973811,-0.032,0.236,9.797,4-8-19
1058,1554763974008,-0.033,0.236,9.789,4-8-19
1059,1554763974214,-0.034,0.237,9.792,4-8-19
1060,1554763974416,-0.026,0.237,9.789,4-8-19
1061,1554763974617,-0.028,0.232,9.789,4-8-19
1062,1554763974827,-0.029,0.232,9.791,4-8-19
1063,1554763975038,-0.032,0.238,9.789,4-8-19
1064,1554763975238,-0.033,0.231,9.791,4-8-19
1065,1554763975433,-0.025,0.232,9.794,4-8-19
1066,1554763975635,-0.031,0.23,9.794,4-8-19
1067,1554763975846,-0.031,0.229,9.794,4-8-19
1068,1554763976053,-0.033,0.236,9.791,4-8-19
1069,1554763976254,-0.035,0.233,9.794,4-8-19
1070,1554763976450,-0.032,0.241,9.792,4-8-19
1071,1554763976668,-0.033,0.228,9.785,4-8-19
1072,1554763976867,-0.03,0.238,9.795,4-8-19
1073,1554763977077,-0.029,0.236,9.793,4-8-19
1074,1554763977271,-0.034,0.232,9.792,4-8-19
1075,1554763977472,-0.033,0.233,9.787,4-8-19
1076,1554763977685,-0.035,0.237,9.788,4-8-19
1077,1554763977880,-0.04,0.231,9.794,4-8-19
1078,1554763978081,-0.025,0.232,9.789,4-8-19
1079,1554763978287,-0.025,0.235,9.792,4-8-19
1080,1554763978490,-0.035,0.23,9.796,4-8-19
1081,1554763978697,-0.028,0.233,9.79,4-8-19
1082,1554763978911,-0.032,0.236,9.797,4-8-19
1083,1554763979103,-0.032,0.233,9.79,4-8-19
1084,1554763979306,-0.033,0.234,9.789,4-8-19
1085,1554763979510,-0.033,0.232,9.793,4-8-19
1086,1554763979711,-0.033,0.235,9.793,4-8-19
1087,1554763979916,-0.034,0.233,9.79,4-8-19
1088,1554763980118,-0.037,0.229,9.795,4-8-19
1089,1554763980325,-0.028,0.232,9.789,4-8-19
1090,1554763980528,-0.039,0.23,9.789,4-8-19
1091,1554763980732,-0.033,0.231,9.788,4-8-19
1092,1554763980933,-0.031,0.23,9.788,4-8-19
1093,1554763981143,-0.031,0.232,9.79,4-8-19
1094,1554763981348,-0.034,0.228,9.794,4-8-19
1095,1554763981549,-0.034,0.231,9.791,4-8-19
1096,1554763981757,-0.029,0.231,9.787,4-8-19
1097,1554763981954,-0.035,0.231,9.792,4-8-19
1098,1554763982159,-0.029,0.228,9.782,4-8-19
1099,1554763982362,-0.033,0.23,9.789,4-8-19
1100,1554763982563,-0.033,0.231,9.789,4-8-19
1101,1554763982772,-0.027,0.237,9.789,4-8-19
1102,1554763982971,-0.033,0.225,9.795,4-8-19
1103,1554763983178,-0.035,0.229,9.786,4-8-19
1104,1554763983380,-0.029,0.234,9.8,4-8-19
1105,1554763983583,-0.03,0.236,9.789,4-8-19
1106,1554763983789,-0.034,0.232,9.784,4-8-19
1107,1554763983995,-0.033,0.231,9.793,4-8-19
1108,1554763984202,-0.039,0.237,9.789,4-8-19
1109,1554763984405,-0.032,0.234,9.793,4-8-19
1110,1554763984603,-0.033,0.227,9.792,4-8-19
1111,1554763984813,-0.031,0.232,9.791,4-8-19
1112,1554763985016,-0.033,0.235,9.787,4-8-19
1113,1554763985216,-0.033,0.237,9.789,4-8-19
1114,1554763985416,-0.035,0.233,9.789,4-8-19
1115,1554763985630,-0.035,0.233,9.79,4-8-19
1116,1554763985831,-0.028,0.235,9.797,4-8-19
1117,1554763986039,-0.041,0.229,9.789,4-8-19
1118,1554763986234,-0.03,0.227,9.79,4-8-19
1119,1554763986434,-0.034,0.234,9.789,4-8-19
1120,1554763986641,-0.035,0.229,9.791,4-8-19
1121,1554763986852,-0.036,0.23,9.794,4-8-19
1122,1554763987060,-0.035,0.225,9.79,4-8-19
1123,1554763987256,-0.029,0.227,9.793,4-8-19
1124,1554763987455,-0.031,0.229,9.792,4-8-19
1125,1554763987655,-0.035,0.229,9.794,4-8-19
1126,1554763987861,-0.026,0.233,9.789,4-8-19
1127,1554763988070,-0.034,0.245,9.788,4-8-19
1128,1554763988278,-0.039,0.244,9.79,4-8-19
1129,1554763988471,-0.041,0.247,9.791,4-8-19
1130,1554763988684,-0.043,0.244,9.792,4-8-19
1131,1554763988897,-0.045,0.242,9.792,4-8-19
1132,1554763989095,-0.043,0.248,9.791,4-8-19
1133,1554763989292,-0.041,0.249,9.777,4-8-19
1134,1554763989490,-0.04,0.244,9.806,4-8-19
1135,1554763989693,-0.047,0.242,9.794,4-8-19
1136,1554763989897,-0.035,0.252,9.781,4-8-19
1137,1554763990105,-0.034,0.243,9.784,4-8-19
1138,1554763990305,-0.039,0.246,9.782,4-8-19
1139,1554763990510,-0.046,0.241,9.791,4-8-19
1140,1554763990712,-0.039,0.244,9.789,4-8-19
1141,1554763990918,-0.045,0.238,9.79,4-8-19
1142,1554763991120,-0.044,0.241,9.789,4-8-19
1143,1554763991325,-0.04,0.247,9.792,4-8-19
1144,1554763991529,-0.046,0.244,9.795,4-8-19
1145,1554763991735,-0.032,0.231,9.786,4-8-19
1146,1554763991936,-0.036,0.233,9.792,4-8-19
1147,1554763992154,-0.041,0.225,9.794,4-8-19
1148,1554763992353,-0.034,0.229,9.792,4-8-19
1149,1554763992549,-0.038,0.231,9.791,4-8-19
1150,1554763992759,-0.037,0.225,9.793,4-8-19
1151,1554763992960,-0.034,0.235,9.791,4-8-19
1152,1554763993167,-0.037,0.227,9.785,4-8-19
1153,1554763993367,-0.035,0.229,9.792,4-8-19
1154,1554763993566,-0.039,0.232,9.794,4-8-19
1155,1554763993772,-0.036,0.224,9.788,4-8-19
1156,1554763993989,-0.037,0.225,9.785,4-8-19
1157,1554763994186,-0.043,0.231,9.785,4-8-19
1158,1554763994383,-0.035,0.223,9.788,4-8-19
1159,1554763994593,-0.042,0.231,9.793,4-8-19
1160,1554763994790,-0.03,0.229,9.793,4-8-19
1161,1554763995003,-0.032,0.237,9.789,4-8-19
1162,1554763995212,-0.037,0.225,9.785,4-8-19
1163,1554763995412,-0.04,0.231,9.789,4-8-19
1164,1554763995605,-0.035,0.226,9.787,4-8-19
1165,1554763995811,-0.032,0.233,9.793,4-8-19
1166,1554763996014,-0.034,0.226,9.793,4-8-19
1167,1554763996215,-0.035,0.232,9.793,4-8-19
1168,1554763996418,-0.037,0.232,9.791,4-8-19
1169,1554763996632,-0.034,0.232,9.785,4-8-19
1170,1554763996840,-0.038,0.232,9.785,4-8-19
1171,1554763997040,-0.036,0.234,9.786,4-8-19
1172,1554763997242,-0.031,0.233,9.79,4-8-19
1173,1554763997440,-0.035,0.228,9.787,4-8-19
1174,1554763997645,-0.036,0.229,9.795,4-8-19
1175,1554763997855,-0.036,0.231,9.789,4-8-19
1176,1554763998064,-0.033,0.228,9.788,4-8-19
1177,1554763998260,-0.041,0.233,9.788,4-8-19
1178,1554763998456,-0.031,0.233,9.795,4-8-19
1179,1554763998663,-0.037,0.233,9.794,4-8-19
1180,1554763998867,-0.034,0.223,9.792,4-8-19
1181,1554763999080,-0.033,0.229,9.79,4-8-19
1182,1554763999287,-0.034,0.234,9.793,4-8-19
1183,1554763999477,-0.031,0.23,9.794,4-8-19
1184,1554763999690,-0.032,0.23,9.791,4-8-19
1185,1554763999892,-0.038,0.227,9.791,4-8-19
1186,1554764000097,-0.04,0.231,9.795,4-8-19
1187,1554764000300,-0.028,0.229,9.789,4-8-19
1188,1554764000494,-0.036,0.231,9.792,4-8-19
1189,1554764000706,-0.031,0.232,9.783,4-8-19
1190,1554764000902,-0.035,0.234,9.788,4-8-19
1191,1554764001106,-0.036,0.234,9.789,4-8-19
1192,1554764001309,-0.035,0.231,9.781,4-8-19
1193,1554764001514,-0.032,0.234,9.779,4-8-19
1194,1554764001717,-0.034,0.239,9.791,4-8-19
1195,1554764001921,-0.036,0.23,9.794,4-8-19
1196,1554764002126,-0.036,0.232,9.795,4-8-19
1197,1554764002328,-0.033,0.228,9.787,4-8-19
1198,1554764002540,-0.028,0.232,9.785,4-8-19
1199,1554764002745,-0.032,0.229,9.791,4-8-19
1200,1554764002950,-0.028,0.232,9.789,4-8-19
1201,1554764003155,-0.036,0.227,9.793,4-8-19
1202,1554764003345,-0.034,0.232,9.785,4-8-19
1203,1554764003558,-0.033,0.23,9.797,4-8-19
1204,1554764003764,-0.037,0.229,9.791,4-8-19
1205,1554764003968,-0.035,0.229,9.789,4-8-19
1206,1554764004172,-0.026,0.232,9.79,4-8-19
1207,1554764004371,-0.034,0.229,9.782,4-8-19
1208,1554764004573,-0.027,0.233,9.79,4-8-19
1209,1554764004785,-0.038,0.231,9.789,4-8-19
1210,1554764004987,-0.032,0.229,9.789,4-8-19
1211,1554764005187,-0.03,0.23,9.791,4-8-19
1212,1554764005391,-0.037,0.227,9.793,4-8-19
1213,1554764005587,-0.036,0.229,9.795,4-8-19
1214,1554764005793,-0.031,0.233,9.785,4-8-19
1215,1554764006001,-0.031,0.231,9.787,4-8-19
1216,1554764006203,-0.035,0.227,9.789,4-8-19
1217,1554764006405,-0.029,0.232,9.789,4-8-19
1218,1554764006609,-0.032,0.223,9.791,4-8-19
1219,1554764006821,-0.028,0.233,9.787,4-8-19
1220,1554764007031,-0.039,0.231,9.791,4-8-19
1221,1554764007234,-0.034,0.225,9.788,4-8-19
1222,1554764007423,-0.036,0.231,9.788,4-8-19
1223,1554764007628,-0.03,0.233,9.785,4-8-19
1224,1554764007832,-0.041,0.227,9.785,4-8-19
1225,1554764008033,-0.034,0.232,9.781,4-8-19
1226,1554764008240,-0.037,0.22,9.782,4-8-19
1227,1554764008443,-0.033,0.232,9.784,4-8-19
1228,1554764008653,-0.031,0.226,9.791,4-8-19
1229,1554764008852,-0.039,0.224,9.789,4-8-19
1230,1554764009061,-0.036,0.224,9.791,4-8-19
1231,1554764009273,-0.042,0.228,9.792,4-8-19
1232,1554764009461,-0.033,0.231,9.789,4-8-19
1233,1554764009678,-0.031,0.233,9.787,4-8-19
1234,1554764009875,-0.038,0.229,9.793,4-8-19
1235,1554764010085,-0.031,0.231,9.791,4-8-19
1236,1554764010290,-0.034,0.228,9.789,4-8-19
1237,1554764010477,-0.039,0.228,9.79,4-8-19
1238,1554764010687,-0.033,0.228,9.788,4-8-19
1239,1554764010890,-0.034,0.232,9.792,4-8-19
1240,1554764011098,-0.035,0.227,9.792,4-8-19
1241,1554764011305,-0.036,0.229,9.789,4-8-19
1242,1554764011499,-0.033,0.229,9.795,4-8-19
1243,1554764011713,-0.03,0.23,9.783,4-8-19
1244,1554764011903,-0.033,0.229,9.785,4-8-19
1245,1554764012111,-0.031,0.237,9.792,4-8-19
1246,1554764012329,-0.034,0.226,9.788,4-8-19
1247,1554764012518,-0.033,0.231,9.79,4-8-19
1248,1554764012722,-0.033,0.224,9.791,4-8-19
1249,1554764012925,-0.034,0.23,9.79,4-8-19
1250,1554764013131,-0.037,0.232,9.787,4-8-19
1251,1554764013331,-0.035,0.226,9.789,4-8-19
1252,1554764013535,-0.035,0.229,9.791,4-8-19
1253,1554764013753,-0.03,0.23,9.784,4-8-19
1254,1554764013948,-0.034,0.234,9.78,4-8-19
1255,1554764014163,-0.035,0.227,9.791,4-8-19
1256,1554764014351,-0.033,0.229,9.79,4-8-19
1257,1554764014563,-0.029,0.229,9.794,4-8-19
1258,1554764014760,-0.032,0.236,9.786,4-8-19
1259,1554764014968,-0.033,0.229,9.784,4-8-19
1260,1554764015169,-0.031,0.232,9.79,4-8-19
1261,1554764015368,-0.036,0.226,9.791,4-8-19
1262,1554764015576,-0.038,0.226,9.785,4-8-19
1263,1554764015785,-0.031,0.227,9.791,4-8-19
1264,1554764015987,-0.034,0.224,9.789,4-8-19
1265,1554764016192,-0.033,0.228,9.784,4-8-19
1266,1554764016387,-0.042,0.219,9.786,4-8-19
1267,1554764016595,-0.029,0.229,9.786,4-8-19
1268,1554764016804,-0.032,0.234,9.786,4-8-19
1269,1554764017004,-0.04,0.22,9.786,4-8-19
1270,1554764017213,-0.031,0.232,9.785,4-8-19
1271,1554764017408,-0.034,0.231,9.787,4-8-19
1272,1554764017609,-0.033,0.227,9.791,4-8-19
1273,1554764017823,-0.032,0.232,9.789,4-8-19
1274,1554764018022,-0.039,0.225,9.789,4-8-19
1275,1554764018232,-0.035,0.225,9.791,4-8-19
1276,1554764018424,-0.037,0.229,9.788,4-8-19
1277,1554764018628,-0.032,0.227,9.789,4-8-19
1278,1554764018843,-0.031,0.224,9.791,4-8-19
1279,1554764019045,-0.031,0.224,9.791,4-8-19
1280,1554764019246,-0.038,0.229,9.791,4-8-19
1281,1554764019442,-0.03,0.224,9.792,4-8-19
1282,1554764019660,-0.031,0.224,9.787,4-8-19
1283,1554764019853,-0.037,0.229,9.791,4-8-19
1284,1554764020066,-0.035,0.235,9.787,4-8-19
1285,1554764020271,-0.041,0.23,9.782,4-8-19
1286,1554764020462,-0.028,0.232,9.791,4-8-19
1287,1554764020668,-0.04,0.229,9.792,4-8-19
1288,1554764020878,-0.033,0.231,9.792,4-8-19
1289,1554764021072,-0.045,0.225,9.786,4-8-19
1290,1554764021279,-0.029,0.229,9.786,4-8-19
1291,1554764021481,-0.034,0.229,9.79,4-8-19
1292,1554764021694,-0.029,0.233,9.792,4-8-19
1293,1554764021892,-0.027,0.232,9.789,4-8-19
1294,1554764022101,-0.031,0.228,9.789,4-8-19
1295,1554764022307,-0.037,0.23,9.779,4-8-19
1296,1554764022502,-0.028,0.234,9.787,4-8-19
1297,1554764022713,-0.037,0.227,9.796,4-8-19
1298,1554764022917,-0.022,0.229,9.789,4-8-19
1299,1554764023124,-0.033,0.229,9.789,4-8-19
1300,1554764023320,-0.044,0.229,9.797,4-8-19
1301,1554764023518,-0.038,0.228,9.796,4-8-19
1302,1554764023722,-0.03,0.231,9.787,4-8-19
1303,1554764023927,-0.032,0.23,9.782,4-8-19
1304,1554764024139,-0.034,0.23,9.787,4-8-19
1305,1554764024339,-0.033,0.24,9.791,4-8-19
1306,1554764024540,-0.036,0.224,9.784,4-8-19
1307,1554764024752,-0.036,0.233,9.785,4-8-19
1308,1554764024955,-0.03,0.232,9.787,4-8-19
1309,1554764025158,-0.033,0.235,9.784,4-8-19
1310,1554764025359,-0.034,0.231,9.792,4-8-19
1311,1554764025556,-0.038,0.231,9.788,4-8-19
1312,1554764025759,-0.034,0.23,9.788,4-8-19
1313,1554764025968,-0.031,0.234,9.789,4-8-19
1314,1554764026167,-0.03,0.231,9.781,4-8-19
1315,1554764026373,-0.033,0.23,9.785,4-8-19
1316,1554764026592,-0.031,0.233,9.789,4-8-19
1317,1554764026789,-0.029,0.229,9.788,4-8-19
1318,1554764026992,-0.033,0.23,9.793,4-8-19
1319,1554764027199,-0.038,0.231,9.785,4-8-19
1320,1554764027392,-0.041,0.232,9.786,4-8-19
1321,1554764027604,-0.033,0.229,9.783,4-8-19
1322,1554764027810,-0.03,0.231,9.789,4-8-19
1323,1554764028010,-0.031,0.228,9.789,4-8-19
1324,1554764028221,-0.034,0.236,9.785,4-8-19
1325,1554764028411,-0.032,0.231,9.792,4-8-19
1326,1554764028623,-0.035,0.234,9.787,4-8-19
1327,1554764028822,-0.033,0.233,9.793,4-8-19
1328,1554764029036,-0.039,0.229,9.785,4-8-19
1329,1554764029241,-0.031,0.226,9.787,4-8-19
1330,1554764029430,-0.045,0.229,9.783,4-8-19
1331,1554764029639,-0.031,0.227,9.784,4-8-19
1332,1554764029846,-0.029,0.228,9.783,4-8-19
1333,1554764030047,-0.037,0.222,9.79,4-8-19
1334,1554764030255,-0.039,0.232,9.779,4-8-19
1335,1554764030445,-0.03,0.231,9.784,4-8-19
1336,1554764030655,-0.034,0.229,9.781,4-8-19
1337,1554764030872,-0.037,0.225,9.792,4-8-19
1338,1554764031069,-0.032,0.228,9.784,4-8-19
1339,1554764031270,-0.032,0.23,9.787,4-8-19
1340,1554764031468,-0.037,0.231,9.784,4-8-19
1341,1554764031685,-0.033,0.229,9.788,4-8-19
1342,1554764031876,-0.033,0.224,9.783,4-8-19
1343,1554764032079,-0.032,0.231,9.788,4-8-19
1344,1554764032282,-0.036,0.229,9.787,4-8-19
1345,1554764032483,-0.035,0.222,9.788,4-8-19
1346,1554764032698,-0.033,0.228,9.788,4-8-19
1347,1554764032897,-0.038,0.227,9.789,4-8-19
1348,1554764033112,-0.035,0.232,9.793,4-8-19
1349,1554764033309,-0.035,0.229,9.782,4-8-19
1350,1554764033506,-0.034,0.227,9.781,4-8-19
1351,1554764033713,-0.036,0.229,9.782,4-8-19
1352,1554764033926,-0.033,0.229,9.79,4-8-19
1353,1554764034124,-0.036,0.229,9.791,4-8-19
1354,1554764034320,-0.036,0.235,9.788,4-8-19
1355,1554764034530,-0.033,0.23,9.789,4-8-19
1356,1554764034729,-0.03,0.225,9.784,4-8-19
1357,1554764034929,-0.041,0.224,9.788,4-8-19
1358,1554764035138,-0.04,0.226,9.783,4-8-19
1359,1554764035339,-0.028,0.232,9.785,4-8-19
1360,1554764035540,-0.037,0.223,9.79,4-8-19
1361,1554764035753,-0.04,0.228,9.791,4-8-19
1362,1554764035964,-0.039,0.228,9.789,4-8-19
1363,1554764036159,-0.031,0.231,9.789,4-8-19
1364,1554764036355,-0.036,0.228,9.788,4-8-19
1365,1554764036560,-0.043,0.223,9.788,4-8-19
1366,1554764036763,-0.031,0.227,9.78,4-8-19
1367,1554764036978,-0.042,0.227,9.789,4-8-19
1368,1554764037177,-0.036,0.23,9.789,4-8-19
1369,1554764037378,-0.029,0.228,9.788,4-8-19
1370,1554764037578,-0.033,0.229,9.785,4-8-19
1371,1554764037785,-0.035,0.228,9.781,4-8-19
1372,1554764037985,-0.041,0.219,9.785,4-8-19
1373,1554764038198,-0.041,0.229,9.785,4-8-19
1374,1554764038393,-0.039,0.227,9.785,4-8-19
1375,1554764038596,-0.032,0.226,9.794,4-8-19
1376,1554764038808,-0.039,0.229,9.783,4-8-19
1377,1554764039017,-0.039,0.23,9.79,4-8-19
1378,1554764039224,-0.034,0.227,9.788,4-8-19
1379,1554764039415,-0.038,0.227,9.785,4-8-19
1380,1554764039621,-0.035,0.226,9.792,4-8-19
1381,1554764039823,-0.031,0.223,9.792,4-8-19
1382,1554764040023,-0.036,0.229,9.783,4-8-19
1383,1554764040227,-0.037,0.223,9.787,4-8-19
1384,1554764040431,-0.04,0.223,9.789,4-8-19
1385,1554764040644,-0.029,0.229,9.789,4-8-19
1386,1554764040839,-0.043,0.224,9.782,4-8-19
1387,1554764041047,-0.031,0.229,9.784,4-8-19
1388,1554764041245,-0.035,0.223,9.789,4-8-19
1389,1554764041452,-0.036,0.226,9.79,4-8-19
1390,1554764041653,-0.031,0.228,9.789,4-8-19
1391,1554764041862,-0.035,0.222,9.789,4-8-19
1392,1554764042065,-0.038,0.228,9.789,4-8-19
1393,1554764042285,-0.039,0.226,9.788,4-8-19
1394,1554764042471,-0.039,0.23,9.782,4-8-19
1395,1554764042683,-0.035,0.223,9.791,4-8-19
1396,1554764042877,-0.032,0.23,9.785,4-8-19
1397,1554764043080,-0.038,0.223,9.787,4-8-19
1398,1554764043285,-0.03,0.224,9.788,4-8-19
1399,1554764043487,-0.036,0.223,9.789,4-8-19
1400,1554764043697,-0.038,0.223,9.78,4-8-19
1401,1554764043900,-0.044,0.229,9.789,4-8-19
1402,1554764044106,-0.032,0.224,9.785,4-8-19
1403,1554764044306,-0.032,0.227,9.782,4-8-19
1404,1554764044506,-0.036,0.223,9.787,4-8-19
1405,1554764044724,-0.033,0.218,9.787,4-8-19
1406,1554764044918,-0.032,0.235,9.789,4-8-19
1407,1554764045133,-0.035,0.228,9.781,4-8-19
1408,1554764045322,-0.033,0.225,9.784,4-8-19
1409,1554764045525,-0.038,0.229,9.783,4-8-19
1410,1554764045728,-0.034,0.231,9.788,4-8-19
1411,1554764045933,-0.031,0.225,9.778,4-8-19
1412,1554764046142,-0.034,0.228,9.789,4-8-19
1413,1554764046346,-0.029,0.23,9.785,4-8-19
1414,1554764046551,-0.035,0.227,9.78,4-8-19
1415,1554764046767,-0.033,0.229,9.787,4-8-19
1416,1554764046957,-0.035,0.228,9.785,4-8-19
1417,1554764047166,-0.039,0.223,9.782,4-8-19
1418,1554764047366,-0.036,0.224,9.787,4-8-19
1419,1554764047566,-0.034,0.227,9.784,4-8-19
1420,1554764047767,-0.033,0.227,9.79,4-8-19
1421,1554764047972,-0.033,0.229,9.786,4-8-19
1422,1554764048185,-0.035,0.226,9.788,4-8-19
1423,1554764048381,-0.039,0.224,9.789,4-8-19
1424,1554764048591,-0.034,0.229,9.785,4-8-19
1425,1554764048795,-0.031,0.228,9.784,4-8-19
1426,1554764049002,-0.037,0.225,9.781,4-8-19
1427,1554764049200,-0.034,0.222,9.789,4-8-19
1428,1554764049400,-0.032,0.227,9.78,4-8-19
1429,1554764049605,-0.034,0.225,9.785,4-8-19
1430,1554764049819,-0.032,0.223,9.784,4-8-19